2013-07-08 00:00:00,2013-07-08 00:00:00,TMP,surface,-107.813,25.0393,302.098
2013-07-08 00:00:00,2013-07-08 00:00:00,TMP,surface,-106.875,25.0393,294.9
2013-07-08 00:00:00,2013-07-08 00:00:00,TMP,surface,-105.938,25.0393,290.586
2013-07-08 00:00:00,2013-07-08 00:00:00,TMP,surface,-105,25.0393,287.866
2013-07-08 00:00:00,2013-07-08 00:00:00,TMP,surface,-104.063,25.0393,291.351
2013-07-08 00:00:00,2013-07-08 00:00:00,TMP,surface,-103.125,25.0393,294.905
2013-07-08 00:00:00,2013-07-08 00:00:00,TMP,surface,-102.188,25.0393,294.329
2013-07-08 00:00:00,2013-07-08 00:00:00,TMP,surface,-101.25,25.0393,291.748
2013-07-08 00:00:00,2013-07-08 00:00:00,TMP,surface,-100.313,25.0393,292.194
2013-07-08 00:00:00,2013-07-08 00:00:00,TMP,surface,-99.3754,25.0393,296.377
2013-07-08 00:00:00,2013-07-08 00:00:00,TMP,surface,-98.4379,25.0393,300.597
2013-07-08 00:00:00,2013-07-08 00:00:00,TMP,surface,-97.5004,25.0393,303.037
2013-07-08 00:00:00,2013-07-08 00:00:00,TMP,surface,-96.5629,25.0393,303.425
2013-07-08 00:00:00,2013-07-08 00:00:00,TMP,surface,-95.6254,25.0393,303.681
2013-07-08 00:00:00,2013-07-08 00:00:00,TMP,surface,-94.6879,25.0393,303.748
2013-07-08 00:00:00,2013-07-08 00:00:00,TMP,surface,-93.7504,25.0393,303.62
2013-07-08 00:00:00,2013-07-08 00:00:00,TMP,surface,-92.8129,25.0393,303.521
2013-07-08 00:00:00,2013-07-08 00:00:00,TMP,surface,-107.813,25.9842,296.705
2013-07-08 00:00:00,2013-07-08 00:00:00,TMP,surface,-106.875,25.9842,291.553
2013-07-08 00:00:00,2013-07-08 00:00:00,TMP,surface,-105.938,25.9842,288.817
2013-07-08 00:00:00,2013-07-08 00:00:00,TMP,surface,-105,25.9842,289.916
2013-07-08 00:00:00,2013-07-08 00:00:00,TMP,surface,-104.063,25.9842,295.228
2013-07-08 00:00:00,2013-07-08 00:00:00,TMP,surface,-103.125,25.9842,297.601
2013-07-08 00:00:00,2013-07-08 00:00:00,TMP,surface,-102.188,25.9842,296.225
2013-07-08 00:00:00,2013-07-08 00:00:00,TMP,surface,-101.25,25.9842,294.972
2013-07-08 00:00:00,2013-07-08 00:00:00,TMP,surface,-100.313,25.9842,295.604
2013-07-08 00:00:00,2013-07-08 00:00:00,TMP,surface,-99.3754,25.9842,299.487
2013-07-08 00:00:00,2013-07-08 00:00:00,TMP,surface,-98.4379,25.9842,301.794
2013-07-08 00:00:00,2013-07-08 00:00:00,TMP,surface,-97.5004,25.9842,301.612
2013-07-08 00:00:00,2013-07-08 00:00:00,TMP,surface,-96.5629,25.9842,302.581
2013-07-08 00:00:00,2013-07-08 00:00:00,TMP,surface,-95.6254,25.9842,303.281
2013-07-08 00:00:00,2013-07-08 00:00:00,TMP,surface,-94.6879,25.9842,303.364
2013-07-08 00:00:00,2013-07-08 00:00:00,TMP,surface,-93.7504,25.9842,303.341
2013-07-08 00:00:00,2013-07-08 00:00:00,TMP,surface,-92.8129,25.9842,303.386
2013-07-08 00:00:00,2013-07-08 00:00:00,TMP,surface,-107.813,26.929,292.709
2013-07-08 00:00:00,2013-07-08 00:00:00,TMP,surface,-106.875,26.929,289.701
2013-07-08 00:00:00,2013-07-08 00:00:00,TMP,surface,-105.938,26.929,289.93
2013-07-08 00:00:00,2013-07-08 00:00:00,TMP,surface,-105,26.929,293.869
2013-07-08 00:00:00,2013-07-08 00:00:00,TMP,surface,-104.063,26.929,297.001
2013-07-08 00:00:00,2013-07-08 00:00:00,TMP,surface,-103.125,26.929,296.81
2013-07-08 00:00:00,2013-07-08 00:00:00,TMP,surface,-102.188,26.929,295.882
2013-07-08 00:00:00,2013-07-08 00:00:00,TMP,surface,-101.25,26.929,296.674
2013-07-08 00:00:00,2013-07-08 00:00:00,TMP,surface,-100.313,26.929,299.116
2013-07-08 00:00:00,2013-07-08 00:00:00,TMP,surface,-99.3754,26.929,301.21
2013-07-08 00:00:00,2013-07-08 00:00:00,TMP,surface,-98.4379,26.929,300.822
2013-07-08 00:00:00,2013-07-08 00:00:00,TMP,surface,-97.5004,26.929,301.172
2013-07-08 00:00:00,2013-07-08 00:00:00,TMP,surface,-96.5629,26.929,301.911
2013-07-08 00:00:00,2013-07-08 00:00:00,TMP,surface,-95.6254,26.929,302.893
2013-07-08 00:00:00,2013-07-08 00:00:00,TMP,surface,-94.6879,26.929,303.1
2013-07-08 00:00:00,2013-07-08 00:00:00,TMP,surface,-93.7504,26.929,303.009
2013-07-08 00:00:00,2013-07-08 00:00:00,TMP,surface,-92.8129,26.929,302.959
2013-07-08 00:00:00,2013-07-08 00:00:00,TMP,surface,-107.813,27.8739,291.033
2013-07-08 00:00:00,2013-07-08 00:00:00,TMP,surface,-106.875,27.8739,289.391
2013-07-08 00:00:00,2013-07-08 00:00:00,TMP,surface,-105.938,27.8739,291.837
2013-07-08 00:00:00,2013-07-08 00:00:00,TMP,surface,-105,27.8739,295.897
2013-07-08 00:00:00,2013-07-08 00:00:00,TMP,surface,-104.063,27.8739,296.559
2013-07-08 00:00:00,2013-07-08 00:00:00,TMP,surface,-103.125,27.8739,295.095
2013-07-08 00:00:00,2013-07-08 00:00:00,TMP,surface,-102.188,27.8739,294.908
2013-07-08 00:00:00,2013-07-08 00:00:00,TMP,surface,-101.25,27.8739,297.498
2013-07-08 00:00:00,2013-07-08 00:00:00,TMP,surface,-100.313,27.8739,300.149
2013-07-08 00:00:00,2013-07-08 00:00:00,TMP,surface,-99.3754,27.8739,300.666
2013-07-08 00:00:00,2013-07-08 00:00:00,TMP,surface,-98.4379,27.8739,299.978
2013-07-08 00:00:00,2013-07-08 00:00:00,TMP,surface,-97.5004,27.8739,300.757
2013-07-08 00:00:00,2013-07-08 00:00:00,TMP,surface,-96.5629,27.8739,302.05
2013-07-08 00:00:00,2013-07-08 00:00:00,TMP,surface,-95.6254,27.8739,302.271
2013-07-08 00:00:00,2013-07-08 00:00:00,TMP,surface,-94.6879,27.8739,302.415
2013-07-08 00:00:00,2013-07-08 00:00:00,TMP,surface,-93.7504,27.8739,302.429
2013-07-08 00:00:00,2013-07-08 00:00:00,TMP,surface,-92.8129,27.8739,302.313
2013-07-08 00:00:00,2013-07-08 00:00:00,TMP,surface,-107.813,28.8188,290.102
2013-07-08 00:00:00,2013-07-08 00:00:00,TMP,surface,-106.875,28.8188,290.25
2013-07-08 00:00:00,2013-07-08 00:00:00,TMP,surface,-105.938,28.8188,294.017
2013-07-08 00:00:00,2013-07-08 00:00:00,TMP,surface,-105,28.8188,296.868
2013-07-08 00:00:00,2013-07-08 00:00:00,TMP,surface,-104.063,28.8188,296.044
2013-07-08 00:00:00,2013-07-08 00:00:00,TMP,surface,-103.125,28.8188,295.004
2013-07-08 00:00:00,2013-07-08 00:00:00,TMP,surface,-102.188,28.8188,295.343
2013-07-08 00:00:00,2013-07-08 00:00:00,TMP,surface,-101.25,28.8188,297.657
2013-07-08 00:00:00,2013-07-08 00:00:00,TMP,surface,-100.313,28.8188,299.185
2013-07-08 00:00:00,2013-07-08 00:00:00,TMP,surface,-99.3754,28.8188,298.861
2013-07-08 00:00:00,2013-07-08 00:00:00,TMP,surface,-98.4379,28.8188,298.319
2013-07-08 00:00:00,2013-07-08 00:00:00,TMP,surface,-97.5004,28.8188,298.521
2013-07-08 00:00:00,2013-07-08 00:00:00,TMP,surface,-96.5629,28.8188,299.097
2013-07-08 00:00:00,2013-07-08 00:00:00,TMP,surface,-95.6254,28.8188,300.164
2013-07-08 00:00:00,2013-07-08 00:00:00,TMP,surface,-94.6879,28.8188,301.492
2013-07-08 00:00:00,2013-07-08 00:00:00,TMP,surface,-93.7504,28.8188,301.781
2013-07-08 00:00:00,2013-07-08 00:00:00,TMP,surface,-92.8129,28.8188,301.802
2013-07-08 00:00:00,2013-07-08 00:00:00,TMP,surface,-107.813,29.7637,292.159
2013-07-08 00:00:00,2013-07-08 00:00:00,TMP,surface,-106.875,29.7637,293.493
2013-07-08 00:00:00,2013-07-08 00:00:00,TMP,surface,-105.938,29.7637,295.919
2013-07-08 00:00:00,2013-07-08 00:00:00,TMP,surface,-105,29.7637,297.149
2013-07-08 00:00:00,2013-07-08 00:00:00,TMP,surface,-104.063,29.7637,296.596
2013-07-08 00:00:00,2013-07-08 00:00:00,TMP,surface,-103.125,29.7637,296.396
2013-07-08 00:00:00,2013-07-08 00:00:00,TMP,surface,-102.188,29.7637,297.29
2013-07-08 00:00:00,2013-07-08 00:00:00,TMP,surface,-101.25,29.7637,298.113
2013-07-08 00:00:00,2013-07-08 00:00:00,TMP,surface,-100.313,29.7637,297.727
2013-07-08 00:00:00,2013-07-08 00:00:00,TMP,surface,-99.3754,29.7637,296.743
2013-07-08 00:00:00,2013-07-08 00:00:00,TMP,surface,-98.4379,29.7637,296.485
2013-07-08 00:00:00,2013-07-08 00:00:00,TMP,surface,-97.5004,29.7637,297.079
2013-07-08 00:00:00,2013-07-08 00:00:00,TMP,surface,-96.5629,29.7637,297.642
2013-07-08 00:00:00,2013-07-08 00:00:00,TMP,surface,-95.6254,29.7637,297.804
2013-07-08 00:00:00,2013-07-08 00:00:00,TMP,surface,-94.6879,29.7637,299.005
2013-07-08 00:00:00,2013-07-08 00:00:00,TMP,surface,-93.7504,29.7637,300.564
2013-07-08 00:00:00,2013-07-08 00:00:00,TMP,surface,-92.8129,29.7637,297.482
2013-07-08 00:00:00,2013-07-08 00:00:00,TMP,surface,-107.813,30.7085,296.365
2013-07-08 00:00:00,2013-07-08 00:00:00,TMP,surface,-106.875,30.7085,297.471
2013-07-08 00:00:00,2013-07-08 00:00:00,TMP,surface,-105.938,30.7085,297.607
2013-07-08 00:00:00,2013-07-08 00:00:00,TMP,surface,-105,30.7085,297.34
2013-07-08 00:00:00,2013-07-08 00:00:00,TMP,surface,-104.063,30.7085,296.3
2013-07-08 00:00:00,2013-07-08 00:00:00,TMP,surface,-103.125,30.7085,297.061
2013-07-08 00:00:00,2013-07-08 00:00:00,TMP,surface,-102.188,30.7085,297.89
2013-07-08 00:00:00,2013-07-08 00:00:00,TMP,surface,-101.25,30.7085,297.679
2013-07-08 00:00:00,2013-07-08 00:00:00,TMP,surface,-100.313,30.7085,296.994
2013-07-08 00:00:00,2013-07-08 00:00:00,TMP,surface,-99.3754,30.7085,296.271
2013-07-08 00:00:00,2013-07-08 00:00:00,TMP,surface,-98.4379,30.7085,296.447
2013-07-08 00:00:00,2013-07-08 00:00:00,TMP,surface,-97.5004,30.7085,297.194
2013-07-08 00:00:00,2013-07-08 00:00:00,TMP,surface,-96.5629,30.7085,297.621
2013-07-08 00:00:00,2013-07-08 00:00:00,TMP,surface,-95.6254,30.7085,297.53
2013-07-08 00:00:00,2013-07-08 00:00:00,TMP,surface,-94.6879,30.7085,297.154
2013-07-08 00:00:00,2013-07-08 00:00:00,TMP,surface,-93.7504,30.7085,296.649
2013-07-08 00:00:00,2013-07-08 00:00:00,TMP,surface,-92.8129,30.7085,295.892
2013-07-08 00:00:00,2013-07-08 00:00:00,TMP,surface,-107.813,31.6534,298.223
2013-07-08 00:00:00,2013-07-08 00:00:00,TMP,surface,-106.875,31.6534,298.645
2013-07-08 00:00:00,2013-07-08 00:00:00,TMP,surface,-105.938,31.6534,298.071
2013-07-08 00:00:00,2013-07-08 00:00:00,TMP,surface,-105,31.6534,297.354
2013-07-08 00:00:00,2013-07-08 00:00:00,TMP,surface,-104.063,31.6534,297.154
2013-07-08 00:00:00,2013-07-08 00:00:00,TMP,surface,-103.125,31.6534,297.572
2013-07-08 00:00:00,2013-07-08 00:00:00,TMP,surface,-102.188,31.6534,297.709
2013-07-08 00:00:00,2013-07-08 00:00:00,TMP,surface,-101.25,31.6534,297.465
2013-07-08 00:00:00,2013-07-08 00:00:00,TMP,surface,-100.313,31.6534,297.241
2013-07-08 00:00:00,2013-07-08 00:00:00,TMP,surface,-99.3754,31.6534,297.205
2013-07-08 00:00:00,2013-07-08 00:00:00,TMP,surface,-98.4379,31.6534,297.517
2013-07-08 00:00:00,2013-07-08 00:00:00,TMP,surface,-97.5004,31.6534,298.013
2013-07-08 00:00:00,2013-07-08 00:00:00,TMP,surface,-96.5629,31.6534,298.261
2013-07-08 00:00:00,2013-07-08 00:00:00,TMP,surface,-95.6254,31.6534,298.049
2013-07-08 00:00:00,2013-07-08 00:00:00,TMP,surface,-94.6879,31.6534,297.455
2013-07-08 00:00:00,2013-07-08 00:00:00,TMP,surface,-93.7504,31.6534,296.684
2013-07-08 00:00:00,2013-07-08 00:00:00,TMP,surface,-92.8129,31.6534,296.082
2013-07-08 00:00:00,2013-07-08 00:00:00,TMP,surface,-107.813,32.5983,295.658
2013-07-08 00:00:00,2013-07-08 00:00:00,TMP,surface,-106.875,32.5983,296.27
2013-07-08 00:00:00,2013-07-08 00:00:00,TMP,surface,-105.938,32.5983,296.757
2013-07-08 00:00:00,2013-07-08 00:00:00,TMP,surface,-105,32.5983,296.641
2013-07-08 00:00:00,2013-07-08 00:00:00,TMP,surface,-104.063,32.5983,296.885
2013-07-08 00:00:00,2013-07-08 00:00:00,TMP,surface,-103.125,32.5983,297.047
2013-07-08 00:00:00,2013-07-08 00:00:00,TMP,surface,-102.188,32.5983,297.18
2013-07-08 00:00:00,2013-07-08 00:00:00,TMP,surface,-101.25,32.5983,297.314
2013-07-08 00:00:00,2013-07-08 00:00:00,TMP,surface,-100.313,32.5983,297.909
2013-07-08 00:00:00,2013-07-08 00:00:00,TMP,surface,-99.3754,32.5983,298.389
2013-07-08 00:00:00,2013-07-08 00:00:00,TMP,surface,-98.4379,32.5983,298.495
2013-07-08 00:00:00,2013-07-08 00:00:00,TMP,surface,-97.5004,32.5983,298.428
2013-07-08 00:00:00,2013-07-08 00:00:00,TMP,surface,-96.5629,32.5983,298.524
2013-07-08 00:00:00,2013-07-08 00:00:00,TMP,surface,-95.6254,32.5983,298.485
2013-07-08 00:00:00,2013-07-08 00:00:00,TMP,surface,-94.6879,32.5983,297.831
2013-07-08 00:00:00,2013-07-08 00:00:00,TMP,surface,-93.7504,32.5983,296.977
2013-07-08 00:00:00,2013-07-08 00:00:00,TMP,surface,-92.8129,32.5983,296.29
2013-07-08 00:00:00,2013-07-08 00:00:00,TMP,surface,-107.813,33.5432,292.266
2013-07-08 00:00:00,2013-07-08 00:00:00,TMP,surface,-106.875,33.5432,293.804
2013-07-08 00:00:00,2013-07-08 00:00:00,TMP,surface,-105.938,33.5432,294.895
2013-07-08 00:00:00,2013-07-08 00:00:00,TMP,surface,-105,33.5432,295.898
2013-07-08 00:00:00,2013-07-08 00:00:00,TMP,surface,-104.063,33.5432,296.9
2013-07-08 00:00:00,2013-07-08 00:00:00,TMP,surface,-103.125,33.5432,296.901
2013-07-08 00:00:00,2013-07-08 00:00:00,TMP,surface,-102.188,33.5432,296.788
2013-07-08 00:00:00,2013-07-08 00:00:00,TMP,surface,-101.25,33.5432,297.108
2013-07-08 00:00:00,2013-07-08 00:00:00,TMP,surface,-100.313,33.5432,298.012
2013-07-08 00:00:00,2013-07-08 00:00:00,TMP,surface,-99.3754,33.5432,298.661
2013-07-08 00:00:00,2013-07-08 00:00:00,TMP,surface,-98.4379,33.5432,298.575
2013-07-08 00:00:00,2013-07-08 00:00:00,TMP,surface,-97.5004,33.5432,298.125
2013-07-08 00:00:00,2013-07-08 00:00:00,TMP,surface,-96.5629,33.5432,297.834
2013-07-08 00:00:00,2013-07-08 00:00:00,TMP,surface,-95.6254,33.5432,297.626
2013-07-08 00:00:00,2013-07-08 00:00:00,TMP,surface,-94.6879,33.5432,297.117
2013-07-08 00:00:00,2013-07-08 00:00:00,TMP,surface,-93.7504,33.5432,296.362
2013-07-08 00:00:00,2013-07-08 00:00:00,TMP,surface,-92.8129,33.5432,295.791
2013-07-08 00:00:00,2013-07-08 00:00:00,TMP,surface,-107.813,34.4881,290.588
2013-07-08 00:00:00,2013-07-08 00:00:00,TMP,surface,-106.875,34.4881,292.629
2013-07-08 00:00:00,2013-07-08 00:00:00,TMP,surface,-105.938,34.4881,293.813
2013-07-08 00:00:00,2013-07-08 00:00:00,TMP,surface,-105,34.4881,295.357
2013-07-08 00:00:00,2013-07-08 00:00:00,TMP,surface,-104.063,34.4881,296.377
2013-07-08 00:00:00,2013-07-08 00:00:00,TMP,surface,-103.125,34.4881,296.596
2013-07-08 00:00:00,2013-07-08 00:00:00,TMP,surface,-102.188,34.4881,296.668
2013-07-08 00:00:00,2013-07-08 00:00:00,TMP,surface,-101.25,34.4881,296.879
2013-07-08 00:00:00,2013-07-08 00:00:00,TMP,surface,-100.313,34.4881,297.367
2013-07-08 00:00:00,2013-07-08 00:00:00,TMP,surface,-99.3754,34.4881,297.545
2013-07-08 00:00:00,2013-07-08 00:00:00,TMP,surface,-98.4379,34.4881,297.287
2013-07-08 00:00:00,2013-07-08 00:00:00,TMP,surface,-97.5004,34.4881,296.746
2013-07-08 00:00:00,2013-07-08 00:00:00,TMP,surface,-96.5629,34.4881,296.404
2013-07-08 00:00:00,2013-07-08 00:00:00,TMP,surface,-95.6254,34.4881,296.169
2013-07-08 00:00:00,2013-07-08 00:00:00,TMP,surface,-94.6879,34.4881,295.469
2013-07-08 00:00:00,2013-07-08 00:00:00,TMP,surface,-93.7504,34.4881,294.732
2013-07-08 00:00:00,2013-07-08 00:00:00,TMP,surface,-92.8129,34.4881,294.497
2013-07-08 00:00:00,2013-07-08 00:00:00,TMP,surface,-107.813,35.4329,290.565
2013-07-08 00:00:00,2013-07-08 00:00:00,TMP,surface,-106.875,35.4329,291.194
2013-07-08 00:00:00,2013-07-08 00:00:00,TMP,surface,-105.938,35.4329,291.583
2013-07-08 00:00:00,2013-07-08 00:00:00,TMP,surface,-105,35.4329,292.786
2013-07-08 00:00:00,2013-07-08 00:00:00,TMP,surface,-104.063,35.4329,294.498
2013-07-08 00:00:00,2013-07-08 00:00:00,TMP,surface,-103.125,35.4329,295.815
2013-07-08 00:00:00,2013-07-08 00:00:00,TMP,surface,-102.188,35.4329,296.49
2013-07-08 00:00:00,2013-07-08 00:00:00,TMP,surface,-101.25,35.4329,296.785
2013-07-08 00:00:00,2013-07-08 00:00:00,TMP,surface,-100.313,35.4329,296.724
2013-07-08 00:00:00,2013-07-08 00:00:00,TMP,surface,-99.3754,35.4329,296.783
2013-07-08 00:00:00,2013-07-08 00:00:00,TMP,surface,-98.4379,35.4329,296.644
2013-07-08 00:00:00,2013-07-08 00:00:00,TMP,surface,-97.5004,35.4329,296.301
2013-07-08 00:00:00,2013-07-08 00:00:00,TMP,surface,-96.5629,35.4329,295.956
2013-07-08 00:00:00,2013-07-08 00:00:00,TMP,surface,-95.6254,35.4329,295.516
2013-07-08 00:00:00,2013-07-08 00:00:00,TMP,surface,-94.6879,35.4329,294.876
2013-07-08 00:00:00,2013-07-08 00:00:00,TMP,surface,-93.7504,35.4329,294.036
2013-07-08 00:00:00,2013-07-08 00:00:00,TMP,surface,-92.8129,35.4329,293.239
2013-07-08 00:00:00,2013-07-08 00:00:00,TMP,surface,-107.813,36.3778,289.85
2013-07-08 00:00:00,2013-07-08 00:00:00,TMP,surface,-106.875,36.3778,287.721
2013-07-08 00:00:00,2013-07-08 00:00:00,TMP,surface,-105.938,36.3778,288.386
2013-07-08 00:00:00,2013-07-08 00:00:00,TMP,surface,-105,36.3778,289.514
2013-07-08 00:00:00,2013-07-08 00:00:00,TMP,surface,-104.063,36.3778,292.079
2013-07-08 00:00:00,2013-07-08 00:00:00,TMP,surface,-103.125,36.3778,294.177
2013-07-08 00:00:00,2013-07-08 00:00:00,TMP,surface,-102.188,36.3778,295.716
2013-07-08 00:00:00,2013-07-08 00:00:00,TMP,surface,-101.25,36.3778,296.604
2013-07-08 00:00:00,2013-07-08 00:00:00,TMP,surface,-100.313,36.3778,296.949
2013-07-08 00:00:00,2013-07-08 00:00:00,TMP,surface,-99.3754,36.3778,296.941
2013-07-08 00:00:00,2013-07-08 00:00:00,TMP,surface,-98.4379,36.3778,296.783
2013-07-08 00:00:00,2013-07-08 00:00:00,TMP,surface,-97.5004,36.3778,296.477
2013-07-08 00:00:00,2013-07-08 00:00:00,TMP,surface,-96.5629,36.3778,296.009
2013-07-08 00:00:00,2013-07-08 00:00:00,TMP,surface,-95.6254,36.3778,295.236
2013-07-08 00:00:00,2013-07-08 00:00:00,TMP,surface,-94.6879,36.3778,294.057
2013-07-08 00:00:00,2013-07-08 00:00:00,TMP,surface,-93.7504,36.3778,292.935
2013-07-08 00:00:00,2013-07-08 00:00:00,TMP,surface,-92.8129,36.3778,292.341
2013-07-08 00:00:00,2013-07-08 00:00:00,PRATE,surface,-107.813,25.0393,2.13e-05
2013-07-08 00:00:00,2013-07-08 00:00:00,PRATE,surface,-106.875,25.0393,9.64e-05
2013-07-08 00:00:00,2013-07-08 00:00:00,PRATE,surface,-105.938,25.0393,8.64e-05
2013-07-08 00:00:00,2013-07-08 00:00:00,PRATE,surface,-105,25.0393,6.62e-05
2013-07-08 00:00:00,2013-07-08 00:00:00,PRATE,surface,-104.063,25.0393,3.83e-05
2013-07-08 00:00:00,2013-07-08 00:00:00,PRATE,surface,-103.125,25.0393,1.75e-05
2013-07-08 00:00:00,2013-07-08 00:00:00,PRATE,surface,-102.188,25.0393,1.94e-05
2013-07-08 00:00:00,2013-07-08 00:00:00,PRATE,surface,-101.25,25.0393,4.36e-05
2013-07-08 00:00:00,2013-07-08 00:00:00,PRATE,surface,-100.313,25.0393,5.47e-05
2013-07-08 00:00:00,2013-07-08 00:00:00,PRATE,surface,-99.3754,25.0393,4.22e-05
2013-07-08 00:00:00,2013-07-08 00:00:00,PRATE,surface,-98.4379,25.0393,2.73e-05
2013-07-08 00:00:00,2013-07-08 00:00:00,PRATE,surface,-97.5004,25.0393,3.77e-05
2013-07-08 00:00:00,2013-07-08 00:00:00,PRATE,surface,-96.5629,25.0393,0.0001645
2013-07-08 00:00:00,2013-07-08 00:00:00,PRATE,surface,-95.6254,25.0393,0.0001963
2013-07-08 00:00:00,2013-07-08 00:00:00,PRATE,surface,-94.6879,25.0393,0.0002176
2013-07-08 00:00:00,2013-07-08 00:00:00,PRATE,surface,-93.7504,25.0393,0.0002318
2013-07-08 00:00:00,2013-07-08 00:00:00,PRATE,surface,-92.8129,25.0393,0.0001588
2013-07-08 00:00:00,2013-07-08 00:00:00,PRATE,surface,-107.813,25.9842,4.68e-05
2013-07-08 00:00:00,2013-07-08 00:00:00,PRATE,surface,-106.875,25.9842,8.81e-05
2013-07-08 00:00:00,2013-07-08 00:00:00,PRATE,surface,-105.938,25.9842,5.87e-05
2013-07-08 00:00:00,2013-07-08 00:00:00,PRATE,surface,-105,25.9842,4.64e-05
2013-07-08 00:00:00,2013-07-08 00:00:00,PRATE,surface,-104.063,25.9842,2.27e-05
2013-07-08 00:00:00,2013-07-08 00:00:00,PRATE,surface,-103.125,25.9842,1.37e-05
2013-07-08 00:00:00,2013-07-08 00:00:00,PRATE,surface,-102.188,25.9842,1.52e-05
2013-07-08 00:00:00,2013-07-08 00:00:00,PRATE,surface,-101.25,25.9842,4.11e-05
2013-07-08 00:00:00,2013-07-08 00:00:00,PRATE,surface,-100.313,25.9842,4.45e-05
2013-07-08 00:00:00,2013-07-08 00:00:00,PRATE,surface,-99.3754,25.9842,3.35e-05
2013-07-08 00:00:00,2013-07-08 00:00:00,PRATE,surface,-98.4379,25.9842,2.93e-05
2013-07-08 00:00:00,2013-07-08 00:00:00,PRATE,surface,-97.5004,25.9842,4.95e-05
2013-07-08 00:00:00,2013-07-08 00:00:00,PRATE,surface,-96.5629,25.9842,0.0001592
2013-07-08 00:00:00,2013-07-08 00:00:00,PRATE,surface,-95.6254,25.9842,0.0002687
2013-07-08 00:00:00,2013-07-08 00:00:00,PRATE,surface,-94.6879,25.9842,0.0002725
2013-07-08 00:00:00,2013-07-08 00:00:00,PRATE,surface,-93.7504,25.9842,0.0002729
2013-07-08 00:00:00,2013-07-08 00:00:00,PRATE,surface,-92.8129,25.9842,0.0002177
2013-07-08 00:00:00,2013-07-08 00:00:00,PRATE,surface,-107.813,26.929,8.82e-05
2013-07-08 00:00:00,2013-07-08 00:00:00,PRATE,surface,-106.875,26.929,5.23e-05
2013-07-08 00:00:00,2013-07-08 00:00:00,PRATE,surface,-105.938,26.929,3.25e-05
2013-07-08 00:00:00,2013-07-08 00:00:00,PRATE,surface,-105,26.929,2.3e-05
2013-07-08 00:00:00,2013-07-08 00:00:00,PRATE,surface,-104.063,26.929,1.79e-05
2013-07-08 00:00:00,2013-07-08 00:00:00,PRATE,surface,-103.125,26.929,2.09e-05
2013-07-08 00:00:00,2013-07-08 00:00:00,PRATE,surface,-102.188,26.929,2.49e-05
2013-07-08 00:00:00,2013-07-08 00:00:00,PRATE,surface,-101.25,26.929,3.14e-05
2013-07-08 00:00:00,2013-07-08 00:00:00,PRATE,surface,-100.313,26.929,2.11e-05
2013-07-08 00:00:00,2013-07-08 00:00:00,PRATE,surface,-99.3754,26.929,2e-05
2013-07-08 00:00:00,2013-07-08 00:00:00,PRATE,surface,-98.4379,26.929,4.87e-05
2013-07-08 00:00:00,2013-07-08 00:00:00,PRATE,surface,-97.5004,26.929,7.23e-05
2013-07-08 00:00:00,2013-07-08 00:00:00,PRATE,surface,-96.5629,26.929,0.00012
2013-07-08 00:00:00,2013-07-08 00:00:00,PRATE,surface,-95.6254,26.929,0.0001517
2013-07-08 00:00:00,2013-07-08 00:00:00,PRATE,surface,-94.6879,26.929,0.0001503
2013-07-08 00:00:00,2013-07-08 00:00:00,PRATE,surface,-93.7504,26.929,0.0001719
2013-07-08 00:00:00,2013-07-08 00:00:00,PRATE,surface,-92.8129,26.929,0.0001874
2013-07-08 00:00:00,2013-07-08 00:00:00,PRATE,surface,-107.813,27.8739,8.42e-05
2013-07-08 00:00:00,2013-07-08 00:00:00,PRATE,surface,-106.875,27.8739,3.92e-05
2013-07-08 00:00:00,2013-07-08 00:00:00,PRATE,surface,-105.938,27.8739,2.04e-05
2013-07-08 00:00:00,2013-07-08 00:00:00,PRATE,surface,-105,27.8739,1.67e-05
2013-07-08 00:00:00,2013-07-08 00:00:00,PRATE,surface,-104.063,27.8739,1.75e-05
2013-07-08 00:00:00,2013-07-08 00:00:00,PRATE,surface,-103.125,27.8739,2.55e-05
2013-07-08 00:00:00,2013-07-08 00:00:00,PRATE,surface,-102.188,27.8739,2.72e-05
2013-07-08 00:00:00,2013-07-08 00:00:00,PRATE,surface,-101.25,27.8739,1.85e-05
2013-07-08 00:00:00,2013-07-08 00:00:00,PRATE,surface,-100.313,27.8739,1.06e-05
2013-07-08 00:00:00,2013-07-08 00:00:00,PRATE,surface,-99.3754,27.8739,1.66e-05
2013-07-08 00:00:00,2013-07-08 00:00:00,PRATE,surface,-98.4379,27.8739,3.24e-05
2013-07-08 00:00:00,2013-07-08 00:00:00,PRATE,surface,-97.5004,27.8739,4.59e-05
2013-07-08 00:00:00,2013-07-08 00:00:00,PRATE,surface,-96.5629,27.8739,4.52e-05
2013-07-08 00:00:00,2013-07-08 00:00:00,PRATE,surface,-95.6254,27.8739,4.53e-05
2013-07-08 00:00:00,2013-07-08 00:00:00,PRATE,surface,-94.6879,27.8739,6.98e-05
2013-07-08 00:00:00,2013-07-08 00:00:00,PRATE,surface,-93.7504,27.8739,9.34e-05
2013-07-08 00:00:00,2013-07-08 00:00:00,PRATE,surface,-92.8129,27.8739,8.41e-05
2013-07-08 00:00:00,2013-07-08 00:00:00,PRATE,surface,-107.813,28.8188,5.74e-05
2013-07-08 00:00:00,2013-07-08 00:00:00,PRATE,surface,-106.875,28.8188,2.84e-05
2013-07-08 00:00:00,2013-07-08 00:00:00,PRATE,surface,-105.938,28.8188,9.5e-06
2013-07-08 00:00:00,2013-07-08 00:00:00,PRATE,surface,-105,28.8188,7.6e-06
2013-07-08 00:00:00,2013-07-08 00:00:00,PRATE,surface,-104.063,28.8188,1.28e-05
2013-07-08 00:00:00,2013-07-08 00:00:00,PRATE,surface,-103.125,28.8188,2.26e-05
2013-07-08 00:00:00,2013-07-08 00:00:00,PRATE,surface,-102.188,28.8188,1.9e-05
2013-07-08 00:00:00,2013-07-08 00:00:00,PRATE,surface,-101.25,28.8188,1.14e-05
2013-07-08 00:00:00,2013-07-08 00:00:00,PRATE,surface,-100.313,28.8188,1.1e-05
2013-07-08 00:00:00,2013-07-08 00:00:00,PRATE,surface,-99.3754,28.8188,2.4e-05
2013-07-08 00:00:00,2013-07-08 00:00:00,PRATE,surface,-98.4379,28.8188,4.33e-05
2013-07-08 00:00:00,2013-07-08 00:00:00,PRATE,surface,-97.5004,28.8188,4.25e-05
2013-07-08 00:00:00,2013-07-08 00:00:00,PRATE,surface,-96.5629,28.8188,3.28e-05
2013-07-08 00:00:00,2013-07-08 00:00:00,PRATE,surface,-95.6254,28.8188,4.23e-05
2013-07-08 00:00:00,2013-07-08 00:00:00,PRATE,surface,-94.6879,28.8188,6.27e-05
2013-07-08 00:00:00,2013-07-08 00:00:00,PRATE,surface,-93.7504,28.8188,6.96e-05
2013-07-08 00:00:00,2013-07-08 00:00:00,PRATE,surface,-92.8129,28.8188,5.52e-05
2013-07-08 00:00:00,2013-07-08 00:00:00,PRATE,surface,-107.813,29.7637,3.2e-05
2013-07-08 00:00:00,2013-07-08 00:00:00,PRATE,surface,-106.875,29.7637,1.78e-05
2013-07-08 00:00:00,2013-07-08 00:00:00,PRATE,surface,-105.938,29.7637,2.3e-06
2013-07-08 00:00:00,2013-07-08 00:00:00,PRATE,surface,-105,29.7637,1.1e-06
2013-07-08 00:00:00,2013-07-08 00:00:00,PRATE,surface,-104.063,29.7637,2.7e-06
2013-07-08 00:00:00,2013-07-08 00:00:00,PRATE,surface,-103.125,29.7637,8.8e-06
2013-07-08 00:00:00,2013-07-08 00:00:00,PRATE,surface,-102.188,29.7637,9.9e-06
2013-07-08 00:00:00,2013-07-08 00:00:00,PRATE,surface,-101.25,29.7637,6.1e-06
2013-07-08 00:00:00,2013-07-08 00:00:00,PRATE,surface,-100.313,29.7637,9e-06
2013-07-08 00:00:00,2013-07-08 00:00:00,PRATE,surface,-99.3754,29.7637,2.29e-05
2013-07-08 00:00:00,2013-07-08 00:00:00,PRATE,surface,-98.4379,29.7637,3.17e-05
2013-07-08 00:00:00,2013-07-08 00:00:00,PRATE,surface,-97.5004,29.7637,2.69e-05
2013-07-08 00:00:00,2013-07-08 00:00:00,PRATE,surface,-96.5629,29.7637,2.57e-05
2013-07-08 00:00:00,2013-07-08 00:00:00,PRATE,surface,-95.6254,29.7637,4.03e-05
2013-07-08 00:00:00,2013-07-08 00:00:00,PRATE,surface,-94.6879,29.7637,5.41e-05
2013-07-08 00:00:00,2013-07-08 00:00:00,PRATE,surface,-93.7504,29.7637,5.35e-05
2013-07-08 00:00:00,2013-07-08 00:00:00,PRATE,surface,-92.8129,29.7637,5.09e-05
2013-07-08 00:00:00,2013-07-08 00:00:00,PRATE,surface,-107.813,30.7085,6.6e-06
2013-07-08 00:00:00,2013-07-08 00:00:00,PRATE,surface,-106.875,30.7085,2.4e-06
2013-07-08 00:00:00,2013-07-08 00:00:00,PRATE,surface,-105.938,30.7085,2.7e-06
2013-07-08 00:00:00,2013-07-08 00:00:00,PRATE,surface,-105,30.7085,1e-06
2013-07-08 00:00:00,2013-07-08 00:00:00,PRATE,surface,-104.063,30.7085,1.8e-06
2013-07-08 00:00:00,2013-07-08 00:00:00,PRATE,surface,-103.125,30.7085,4.1e-06
2013-07-08 00:00:00,2013-07-08 00:00:00,PRATE,surface,-102.188,30.7085,4.5e-06
2013-07-08 00:00:00,2013-07-08 00:00:00,PRATE,surface,-101.25,30.7085,9e-06
2013-07-08 00:00:00,2013-07-08 00:00:00,PRATE,surface,-100.313,30.7085,1.37e-05
2013-07-08 00:00:00,2013-07-08 00:00:00,PRATE,surface,-99.3754,30.7085,1.94e-05
2013-07-08 00:00:00,2013-07-08 00:00:00,PRATE,surface,-98.4379,30.7085,1.84e-05
2013-07-08 00:00:00,2013-07-08 00:00:00,PRATE,surface,-97.5004,30.7085,1.74e-05
2013-07-08 00:00:00,2013-07-08 00:00:00,PRATE,surface,-96.5629,30.7085,2.2e-05
2013-07-08 00:00:00,2013-07-08 00:00:00,PRATE,surface,-95.6254,30.7085,2.78e-05
2013-07-08 00:00:00,2013-07-08 00:00:00,PRATE,surface,-94.6879,30.7085,3e-05
2013-07-08 00:00:00,2013-07-08 00:00:00,PRATE,surface,-93.7504,30.7085,2.82e-05
2013-07-08 00:00:00,2013-07-08 00:00:00,PRATE,surface,-92.8129,30.7085,3.44e-05
2013-07-08 00:00:00,2013-07-08 00:00:00,PRATE,surface,-107.813,31.6534,3.8e-06
2013-07-08 00:00:00,2013-07-08 00:00:00,PRATE,surface,-106.875,31.6534,3.6e-06
2013-07-08 00:00:00,2013-07-08 00:00:00,PRATE,surface,-105.938,31.6534,1.1e-06
2013-07-08 00:00:00,2013-07-08 00:00:00,PRATE,surface,-105,31.6534,3e-07
2013-07-08 00:00:00,2013-07-08 00:00:00,PRATE,surface,-104.063,31.6534,6e-07
2013-07-08 00:00:00,2013-07-08 00:00:00,PRATE,surface,-103.125,31.6534,7e-07
2013-07-08 00:00:00,2013-07-08 00:00:00,PRATE,surface,-102.188,31.6534,2.6e-06
2013-07-08 00:00:00,2013-07-08 00:00:00,PRATE,surface,-101.25,31.6534,5.6e-06
2013-07-08 00:00:00,2013-07-08 00:00:00,PRATE,surface,-100.313,31.6534,1.24e-05
2013-07-08 00:00:00,2013-07-08 00:00:00,PRATE,surface,-99.3754,31.6534,1.44e-05
2013-07-08 00:00:00,2013-07-08 00:00:00,PRATE,surface,-98.4379,31.6534,1.48e-05
2013-07-08 00:00:00,2013-07-08 00:00:00,PRATE,surface,-97.5004,31.6534,1.88e-05
2013-07-08 00:00:00,2013-07-08 00:00:00,PRATE,surface,-96.5629,31.6534,2.44e-05
2013-07-08 00:00:00,2013-07-08 00:00:00,PRATE,surface,-95.6254,31.6534,2.54e-05
2013-07-08 00:00:00,2013-07-08 00:00:00,PRATE,surface,-94.6879,31.6534,2.39e-05
2013-07-08 00:00:00,2013-07-08 00:00:00,PRATE,surface,-93.7504,31.6534,2.75e-05
2013-07-08 00:00:00,2013-07-08 00:00:00,PRATE,surface,-92.8129,31.6534,2.85e-05
2013-07-08 00:00:00,2013-07-08 00:00:00,PRATE,surface,-107.813,32.5983,8.3e-06
2013-07-08 00:00:00,2013-07-08 00:00:00,PRATE,surface,-106.875,32.5983,5.1e-06
2013-07-08 00:00:00,2013-07-08 00:00:00,PRATE,surface,-105.938,32.5983,1.5e-06
2013-07-08 00:00:00,2013-07-08 00:00:00,PRATE,surface,-105,32.5983,9e-07
2013-07-08 00:00:00,2013-07-08 00:00:00,PRATE,surface,-104.063,32.5983,1.5e-06
2013-07-08 00:00:00,2013-07-08 00:00:00,PRATE,surface,-103.125,32.5983,9e-07
2013-07-08 00:00:00,2013-07-08 00:00:00,PRATE,surface,-102.188,32.5983,1.2e-06
2013-07-08 00:00:00,2013-07-08 00:00:00,PRATE,surface,-101.25,32.5983,6e-06
2013-07-08 00:00:00,2013-07-08 00:00:00,PRATE,surface,-100.313,32.5983,7.3e-06
2013-07-08 00:00:00,2013-07-08 00:00:00,PRATE,surface,-99.3754,32.5983,8.7e-06
2013-07-08 00:00:00,2013-07-08 00:00:00,PRATE,surface,-98.4379,32.5983,1.33e-05
2013-07-08 00:00:00,2013-07-08 00:00:00,PRATE,surface,-97.5004,32.5983,1.96e-05
2013-07-08 00:00:00,2013-07-08 00:00:00,PRATE,surface,-96.5629,32.5983,2.22e-05
2013-07-08 00:00:00,2013-07-08 00:00:00,PRATE,surface,-95.6254,32.5983,2.28e-05
2013-07-08 00:00:00,2013-07-08 00:00:00,PRATE,surface,-94.6879,32.5983,2.46e-05
2013-07-08 00:00:00,2013-07-08 00:00:00,PRATE,surface,-93.7504,32.5983,2.72e-05
2013-07-08 00:00:00,2013-07-08 00:00:00,PRATE,surface,-92.8129,32.5983,3.55e-05
2013-07-08 00:00:00,2013-07-08 00:00:00,PRATE,surface,-107.813,33.5432,2.24e-05
2013-07-08 00:00:00,2013-07-08 00:00:00,PRATE,surface,-106.875,33.5432,1.52e-05
2013-07-08 00:00:00,2013-07-08 00:00:00,PRATE,surface,-105.938,33.5432,5.5e-06
2013-07-08 00:00:00,2013-07-08 00:00:00,PRATE,surface,-105,33.5432,1.7e-06
2013-07-08 00:00:00,2013-07-08 00:00:00,PRATE,surface,-104.063,33.5432,1.9e-06
2013-07-08 00:00:00,2013-07-08 00:00:00,PRATE,surface,-103.125,33.5432,1.7e-06
2013-07-08 00:00:00,2013-07-08 00:00:00,PRATE,surface,-102.188,33.5432,1.3e-06
2013-07-08 00:00:00,2013-07-08 00:00:00,PRATE,surface,-101.25,33.5432,3e-06
2013-07-08 00:00:00,2013-07-08 00:00:00,PRATE,surface,-100.313,33.5432,3.8e-06
2013-07-08 00:00:00,2013-07-08 00:00:00,PRATE,surface,-99.3754,33.5432,4.6e-06
2013-07-08 00:00:00,2013-07-08 00:00:00,PRATE,surface,-98.4379,33.5432,9.6e-06
2013-07-08 00:00:00,2013-07-08 00:00:00,PRATE,surface,-97.5004,33.5432,1.6e-05
2013-07-08 00:00:00,2013-07-08 00:00:00,PRATE,surface,-96.5629,33.5432,1.81e-05
2013-07-08 00:00:00,2013-07-08 00:00:00,PRATE,surface,-95.6254,33.5432,1.48e-05
2013-07-08 00:00:00,2013-07-08 00:00:00,PRATE,surface,-94.6879,33.5432,1.53e-05
2013-07-08 00:00:00,2013-07-08 00:00:00,PRATE,surface,-93.7504,33.5432,2.52e-05
2013-07-08 00:00:00,2013-07-08 00:00:00,PRATE,surface,-92.8129,33.5432,2.73e-05
2013-07-08 00:00:00,2013-07-08 00:00:00,PRATE,surface,-107.813,34.4881,2.15e-05
2013-07-08 00:00:00,2013-07-08 00:00:00,PRATE,surface,-106.875,34.4881,1e-05
2013-07-08 00:00:00,2013-07-08 00:00:00,PRATE,surface,-105.938,34.4881,6.2e-06
2013-07-08 00:00:00,2013-07-08 00:00:00,PRATE,surface,-105,34.4881,8e-07
2013-07-08 00:00:00,2013-07-08 00:00:00,PRATE,surface,-104.063,34.4881,1.5e-06
2013-07-08 00:00:00,2013-07-08 00:00:00,PRATE,surface,-103.125,34.4881,2.8e-06
2013-07-08 00:00:00,2013-07-08 00:00:00,PRATE,surface,-102.188,34.4881,3.3e-06
2013-07-08 00:00:00,2013-07-08 00:00:00,PRATE,surface,-101.25,34.4881,4.2e-06
2013-07-08 00:00:00,2013-07-08 00:00:00,PRATE,surface,-100.313,34.4881,6.2e-06
2013-07-08 00:00:00,2013-07-08 00:00:00,PRATE,surface,-99.3754,34.4881,7.5e-06
2013-07-08 00:00:00,2013-07-08 00:00:00,PRATE,surface,-98.4379,34.4881,1.14e-05
2013-07-08 00:00:00,2013-07-08 00:00:00,PRATE,surface,-97.5004,34.4881,1.9e-05
2013-07-08 00:00:00,2013-07-08 00:00:00,PRATE,surface,-96.5629,34.4881,2.38e-05
2013-07-08 00:00:00,2013-07-08 00:00:00,PRATE,surface,-95.6254,34.4881,2.53e-05
2013-07-08 00:00:00,2013-07-08 00:00:00,PRATE,surface,-94.6879,34.4881,2.88e-05
2013-07-08 00:00:00,2013-07-08 00:00:00,PRATE,surface,-93.7504,34.4881,3.12e-05
2013-07-08 00:00:00,2013-07-08 00:00:00,PRATE,surface,-92.8129,34.4881,2.99e-05
2013-07-08 00:00:00,2013-07-08 00:00:00,PRATE,surface,-107.813,35.4329,9.7e-06
2013-07-08 00:00:00,2013-07-08 00:00:00,PRATE,surface,-106.875,35.4329,5.6e-06
2013-07-08 00:00:00,2013-07-08 00:00:00,PRATE,surface,-105.938,35.4329,2.5e-06
2013-07-08 00:00:00,2013-07-08 00:00:00,PRATE,surface,-105,35.4329,3e-06
2013-07-08 00:00:00,2013-07-08 00:00:00,PRATE,surface,-104.063,35.4329,1.6e-06
2013-07-08 00:00:00,2013-07-08 00:00:00,PRATE,surface,-103.125,35.4329,4.6e-06
2013-07-08 00:00:00,2013-07-08 00:00:00,PRATE,surface,-102.188,35.4329,6.3e-06
2013-07-08 00:00:00,2013-07-08 00:00:00,PRATE,surface,-101.25,35.4329,6.5e-06
2013-07-08 00:00:00,2013-07-08 00:00:00,PRATE,surface,-100.313,35.4329,9.5e-06
2013-07-08 00:00:00,2013-07-08 00:00:00,PRATE,surface,-99.3754,35.4329,9.8e-06
2013-07-08 00:00:00,2013-07-08 00:00:00,PRATE,surface,-98.4379,35.4329,1.17e-05
2013-07-08 00:00:00,2013-07-08 00:00:00,PRATE,surface,-97.5004,35.4329,1.6e-05
2013-07-08 00:00:00,2013-07-08 00:00:00,PRATE,surface,-96.5629,35.4329,2.03e-05
2013-07-08 00:00:00,2013-07-08 00:00:00,PRATE,surface,-95.6254,35.4329,2.8e-05
2013-07-08 00:00:00,2013-07-08 00:00:00,PRATE,surface,-94.6879,35.4329,3.57e-05
2013-07-08 00:00:00,2013-07-08 00:00:00,PRATE,surface,-93.7504,35.4329,3.43e-05
2013-07-08 00:00:00,2013-07-08 00:00:00,PRATE,surface,-92.8129,35.4329,3.47e-05
2013-07-08 00:00:00,2013-07-08 00:00:00,PRATE,surface,-107.813,36.3778,1.02e-05
2013-07-08 00:00:00,2013-07-08 00:00:00,PRATE,surface,-106.875,36.3778,9.6e-06
2013-07-08 00:00:00,2013-07-08 00:00:00,PRATE,surface,-105.938,36.3778,5.3e-06
2013-07-08 00:00:00,2013-07-08 00:00:00,PRATE,surface,-105,36.3778,8e-06
2013-07-08 00:00:00,2013-07-08 00:00:00,PRATE,surface,-104.063,36.3778,1.01e-05
2013-07-08 00:00:00,2013-07-08 00:00:00,PRATE,surface,-103.125,36.3778,1.09e-05
2013-07-08 00:00:00,2013-07-08 00:00:00,PRATE,surface,-102.188,36.3778,1e-05
2013-07-08 00:00:00,2013-07-08 00:00:00,PRATE,surface,-101.25,36.3778,1.06e-05
2013-07-08 00:00:00,2013-07-08 00:00:00,PRATE,surface,-100.313,36.3778,1.12e-05
2013-07-08 00:00:00,2013-07-08 00:00:00,PRATE,surface,-99.3754,36.3778,1.12e-05
2013-07-08 00:00:00,2013-07-08 00:00:00,PRATE,surface,-98.4379,36.3778,1.45e-05
2013-07-08 00:00:00,2013-07-08 00:00:00,PRATE,surface,-97.5004,36.3778,1.94e-05
2013-07-08 00:00:00,2013-07-08 00:00:00,PRATE,surface,-96.5629,36.3778,2.33e-05
2013-07-08 00:00:00,2013-07-08 00:00:00,PRATE,surface,-95.6254,36.3778,2.76e-05
2013-07-08 00:00:00,2013-07-08 00:00:00,PRATE,surface,-94.6879,36.3778,3.64e-05
2013-07-08 00:00:00,2013-07-08 00:00:00,PRATE,surface,-93.7504,36.3778,4.88e-05
2013-07-08 00:00:00,2013-07-08 00:00:00,PRATE,surface,-92.8129,36.3778,4.9e-05
