2011-12-20 00:00:00,2011-12-20 00:00:00,TMP,surface,-107.813,25.0393,291.637
2011-12-20 00:00:00,2011-12-20 00:00:00,TMP,surface,-106.875,25.0393,287.273
2011-12-20 00:00:00,2011-12-20 00:00:00,TMP,surface,-105.938,25.0393,281.926
2011-12-20 00:00:00,2011-12-20 00:00:00,TMP,surface,-105,25.0393,282.296
2011-12-20 00:00:00,2011-12-20 00:00:00,TMP,surface,-104.063,25.0393,286.345
2011-12-20 00:00:00,2011-12-20 00:00:00,TMP,surface,-103.125,25.0393,288.056
2011-12-20 00:00:00,2011-12-20 00:00:00,TMP,surface,-102.188,25.0393,287.014
2011-12-20 00:00:00,2011-12-20 00:00:00,TMP,surface,-101.25,25.0393,287.147
2011-12-20 00:00:00,2011-12-20 00:00:00,TMP,surface,-100.313,25.0393,288.905
2011-12-20 00:00:00,2011-12-20 00:00:00,TMP,surface,-99.3754,25.0393,292.649
2011-12-20 00:00:00,2011-12-20 00:00:00,TMP,surface,-98.4379,25.0393,295.677
2011-12-20 00:00:00,2011-12-20 00:00:00,TMP,surface,-97.5004,25.0393,296.357
2011-12-20 00:00:00,2011-12-20 00:00:00,TMP,surface,-96.5629,25.0393,296.827
2011-12-20 00:00:00,2011-12-20 00:00:00,TMP,surface,-95.6254,25.0393,297.054
2011-12-20 00:00:00,2011-12-20 00:00:00,TMP,surface,-94.6879,25.0393,297.059
2011-12-20 00:00:00,2011-12-20 00:00:00,TMP,surface,-93.7504,25.0393,296.877
2011-12-20 00:00:00,2011-12-20 00:00:00,TMP,surface,-92.8129,25.0393,296.763
2011-12-20 00:00:00,2011-12-20 00:00:00,TMP,surface,-107.813,25.9842,287.553
2011-12-20 00:00:00,2011-12-20 00:00:00,TMP,surface,-106.875,25.9842,282.584
2011-12-20 00:00:00,2011-12-20 00:00:00,TMP,surface,-105.938,25.9842,280.691
2011-12-20 00:00:00,2011-12-20 00:00:00,TMP,surface,-105,25.9842,284.373
2011-12-20 00:00:00,2011-12-20 00:00:00,TMP,surface,-104.063,25.9842,287.723
2011-12-20 00:00:00,2011-12-20 00:00:00,TMP,surface,-103.125,25.9842,288.829
2011-12-20 00:00:00,2011-12-20 00:00:00,TMP,surface,-102.188,25.9842,288.821
2011-12-20 00:00:00,2011-12-20 00:00:00,TMP,surface,-101.25,25.9842,289.363
2011-12-20 00:00:00,2011-12-20 00:00:00,TMP,surface,-100.313,25.9842,290.917
2011-12-20 00:00:00,2011-12-20 00:00:00,TMP,surface,-99.3754,25.9842,293.912
2011-12-20 00:00:00,2011-12-20 00:00:00,TMP,surface,-98.4379,25.9842,296.027
2011-12-20 00:00:00,2011-12-20 00:00:00,TMP,surface,-97.5004,25.9842,296.254
2011-12-20 00:00:00,2011-12-20 00:00:00,TMP,surface,-96.5629,25.9842,295.749
2011-12-20 00:00:00,2011-12-20 00:00:00,TMP,surface,-95.6254,25.9842,296.574
2011-12-20 00:00:00,2011-12-20 00:00:00,TMP,surface,-94.6879,25.9842,296.805
2011-12-20 00:00:00,2011-12-20 00:00:00,TMP,surface,-93.7504,25.9842,296.632
2011-12-20 00:00:00,2011-12-20 00:00:00,TMP,surface,-92.8129,25.9842,296.456
2011-12-20 00:00:00,2011-12-20 00:00:00,TMP,surface,-107.813,26.929,283.089
2011-12-20 00:00:00,2011-12-20 00:00:00,TMP,surface,-106.875,26.929,279.761
2011-12-20 00:00:00,2011-12-20 00:00:00,TMP,surface,-105.938,26.929,282.456
2011-12-20 00:00:00,2011-12-20 00:00:00,TMP,surface,-105,26.929,286.341
2011-12-20 00:00:00,2011-12-20 00:00:00,TMP,surface,-104.063,26.929,287.573
2011-12-20 00:00:00,2011-12-20 00:00:00,TMP,surface,-103.125,26.929,287.51
2011-12-20 00:00:00,2011-12-20 00:00:00,TMP,surface,-102.188,26.929,287.787
2011-12-20 00:00:00,2011-12-20 00:00:00,TMP,surface,-101.25,26.929,289.445
2011-12-20 00:00:00,2011-12-20 00:00:00,TMP,surface,-100.313,26.929,291.499
2011-12-20 00:00:00,2011-12-20 00:00:00,TMP,surface,-99.3754,26.929,293.899
2011-12-20 00:00:00,2011-12-20 00:00:00,TMP,surface,-98.4379,26.929,294.433
2011-12-20 00:00:00,2011-12-20 00:00:00,TMP,surface,-97.5004,26.929,294.102
2011-12-20 00:00:00,2011-12-20 00:00:00,TMP,surface,-96.5629,26.929,294.281
2011-12-20 00:00:00,2011-12-20 00:00:00,TMP,surface,-95.6254,26.929,295.781
2011-12-20 00:00:00,2011-12-20 00:00:00,TMP,surface,-94.6879,26.929,296.499
2011-12-20 00:00:00,2011-12-20 00:00:00,TMP,surface,-93.7504,26.929,296.227
2011-12-20 00:00:00,2011-12-20 00:00:00,TMP,surface,-92.8129,26.929,295.977
2011-12-20 00:00:00,2011-12-20 00:00:00,TMP,surface,-107.813,27.8739,279.984
2011-12-20 00:00:00,2011-12-20 00:00:00,TMP,surface,-106.875,27.8739,279.971
2011-12-20 00:00:00,2011-12-20 00:00:00,TMP,surface,-105.938,27.8739,283.955
2011-12-20 00:00:00,2011-12-20 00:00:00,TMP,surface,-105,27.8739,286.606
2011-12-20 00:00:00,2011-12-20 00:00:00,TMP,surface,-104.063,27.8739,286.582
2011-12-20 00:00:00,2011-12-20 00:00:00,TMP,surface,-103.125,27.8739,286.046
2011-12-20 00:00:00,2011-12-20 00:00:00,TMP,surface,-102.188,27.8739,286.677
2011-12-20 00:00:00,2011-12-20 00:00:00,TMP,surface,-101.25,27.8739,288.491
2011-12-20 00:00:00,2011-12-20 00:00:00,TMP,surface,-100.313,27.8739,290.582
2011-12-20 00:00:00,2011-12-20 00:00:00,TMP,surface,-99.3754,27.8739,291.897
2011-12-20 00:00:00,2011-12-20 00:00:00,TMP,surface,-98.4379,27.8739,292.657
2011-12-20 00:00:00,2011-12-20 00:00:00,TMP,surface,-97.5004,27.8739,293.251
2011-12-20 00:00:00,2011-12-20 00:00:00,TMP,surface,-96.5629,27.8739,293.944
2011-12-20 00:00:00,2011-12-20 00:00:00,TMP,surface,-95.6254,27.8739,294.673
2011-12-20 00:00:00,2011-12-20 00:00:00,TMP,surface,-94.6879,27.8739,295.021
2011-12-20 00:00:00,2011-12-20 00:00:00,TMP,surface,-93.7504,27.8739,295.041
2011-12-20 00:00:00,2011-12-20 00:00:00,TMP,surface,-92.8129,27.8739,295.125
2011-12-20 00:00:00,2011-12-20 00:00:00,TMP,surface,-107.813,28.8188,278.731
2011-12-20 00:00:00,2011-12-20 00:00:00,TMP,surface,-106.875,28.8188,280.541
2011-12-20 00:00:00,2011-12-20 00:00:00,TMP,surface,-105.938,28.8188,284.139
2011-12-20 00:00:00,2011-12-20 00:00:00,TMP,surface,-105,28.8188,285.681
2011-12-20 00:00:00,2011-12-20 00:00:00,TMP,surface,-104.063,28.8188,285.323
2011-12-20 00:00:00,2011-12-20 00:00:00,TMP,surface,-103.125,28.8188,284.933
2011-12-20 00:00:00,2011-12-20 00:00:00,TMP,surface,-102.188,28.8188,285.841
2011-12-20 00:00:00,2011-12-20 00:00:00,TMP,surface,-101.25,28.8188,287.309
2011-12-20 00:00:00,2011-12-20 00:00:00,TMP,surface,-100.313,28.8188,288.317
2011-12-20 00:00:00,2011-12-20 00:00:00,TMP,surface,-99.3754,28.8188,288.979
2011-12-20 00:00:00,2011-12-20 00:00:00,TMP,surface,-98.4379,28.8188,289.961
2011-12-20 00:00:00,2011-12-20 00:00:00,TMP,surface,-97.5004,28.8188,291.259
2011-12-20 00:00:00,2011-12-20 00:00:00,TMP,surface,-96.5629,28.8188,292.307
2011-12-20 00:00:00,2011-12-20 00:00:00,TMP,surface,-95.6254,28.8188,292.638
2011-12-20 00:00:00,2011-12-20 00:00:00,TMP,surface,-94.6879,28.8188,292.539
2011-12-20 00:00:00,2011-12-20 00:00:00,TMP,surface,-93.7504,28.8188,292.813
2011-12-20 00:00:00,2011-12-20 00:00:00,TMP,surface,-92.8129,28.8188,293.201
2011-12-20 00:00:00,2011-12-20 00:00:00,TMP,surface,-107.813,29.7637,279.56
2011-12-20 00:00:00,2011-12-20 00:00:00,TMP,surface,-106.875,29.7637,281.291
2011-12-20 00:00:00,2011-12-20 00:00:00,TMP,surface,-105.938,29.7637,283.243
2011-12-20 00:00:00,2011-12-20 00:00:00,TMP,surface,-105,29.7637,283.829
2011-12-20 00:00:00,2011-12-20 00:00:00,TMP,surface,-104.063,29.7637,284.11
2011-12-20 00:00:00,2011-12-20 00:00:00,TMP,surface,-103.125,29.7637,284.656
2011-12-20 00:00:00,2011-12-20 00:00:00,TMP,surface,-102.188,29.7637,285.622
2011-12-20 00:00:00,2011-12-20 00:00:00,TMP,surface,-101.25,29.7637,286.072
2011-12-20 00:00:00,2011-12-20 00:00:00,TMP,surface,-100.313,29.7637,285.971
2011-12-20 00:00:00,2011-12-20 00:00:00,TMP,surface,-99.3754,29.7637,286.251
2011-12-20 00:00:00,2011-12-20 00:00:00,TMP,surface,-98.4379,29.7637,287.253
2011-12-20 00:00:00,2011-12-20 00:00:00,TMP,surface,-97.5004,29.7637,288.569
2011-12-20 00:00:00,2011-12-20 00:00:00,TMP,surface,-96.5629,29.7637,289.694
2011-12-20 00:00:00,2011-12-20 00:00:00,TMP,surface,-95.6254,29.7637,290.473
2011-12-20 00:00:00,2011-12-20 00:00:00,TMP,surface,-94.6879,29.7637,290.763
2011-12-20 00:00:00,2011-12-20 00:00:00,TMP,surface,-93.7504,29.7637,290.79
2011-12-20 00:00:00,2011-12-20 00:00:00,TMP,surface,-92.8129,29.7637,291.597
2011-12-20 00:00:00,2011-12-20 00:00:00,TMP,surface,-107.813,30.7085,280.784
2011-12-20 00:00:00,2011-12-20 00:00:00,TMP,surface,-106.875,30.7085,281.849
2011-12-20 00:00:00,2011-12-20 00:00:00,TMP,surface,-105.938,30.7085,282.069
2011-12-20 00:00:00,2011-12-20 00:00:00,TMP,surface,-105,30.7085,282.118
2011-12-20 00:00:00,2011-12-20 00:00:00,TMP,surface,-104.063,30.7085,282.729
2011-12-20 00:00:00,2011-12-20 00:00:00,TMP,surface,-103.125,30.7085,284.038
2011-12-20 00:00:00,2011-12-20 00:00:00,TMP,surface,-102.188,30.7085,284.72
2011-12-20 00:00:00,2011-12-20 00:00:00,TMP,surface,-101.25,30.7085,284.761
2011-12-20 00:00:00,2011-12-20 00:00:00,TMP,surface,-100.313,30.7085,284.553
2011-12-20 00:00:00,2011-12-20 00:00:00,TMP,surface,-99.3754,30.7085,284.723
2011-12-20 00:00:00,2011-12-20 00:00:00,TMP,surface,-98.4379,30.7085,285.368
2011-12-20 00:00:00,2011-12-20 00:00:00,TMP,surface,-97.5004,30.7085,286.345
2011-12-20 00:00:00,2011-12-20 00:00:00,TMP,surface,-96.5629,30.7085,287.427
2011-12-20 00:00:00,2011-12-20 00:00:00,TMP,surface,-95.6254,30.7085,288.275
2011-12-20 00:00:00,2011-12-20 00:00:00,TMP,surface,-94.6879,30.7085,288.728
2011-12-20 00:00:00,2011-12-20 00:00:00,TMP,surface,-93.7504,30.7085,288.921
2011-12-20 00:00:00,2011-12-20 00:00:00,TMP,surface,-92.8129,30.7085,288.95
2011-12-20 00:00:00,2011-12-20 00:00:00,TMP,surface,-107.813,31.6534,279.925
2011-12-20 00:00:00,2011-12-20 00:00:00,TMP,surface,-106.875,31.6534,280.696
2011-12-20 00:00:00,2011-12-20 00:00:00,TMP,surface,-105.938,31.6534,280.355
2011-12-20 00:00:00,2011-12-20 00:00:00,TMP,surface,-105,31.6534,280.672
2011-12-20 00:00:00,2011-12-20 00:00:00,TMP,surface,-104.063,31.6534,281.673
2011-12-20 00:00:00,2011-12-20 00:00:00,TMP,surface,-103.125,31.6534,282.803
2011-12-20 00:00:00,2011-12-20 00:00:00,TMP,surface,-102.188,31.6534,283.312
2011-12-20 00:00:00,2011-12-20 00:00:00,TMP,surface,-101.25,31.6534,283.345
2011-12-20 00:00:00,2011-12-20 00:00:00,TMP,surface,-100.313,31.6534,283.424
2011-12-20 00:00:00,2011-12-20 00:00:00,TMP,surface,-99.3754,31.6534,283.721
2011-12-20 00:00:00,2011-12-20 00:00:00,TMP,surface,-98.4379,31.6534,284.229
2011-12-20 00:00:00,2011-12-20 00:00:00,TMP,surface,-97.5004,31.6534,284.902
2011-12-20 00:00:00,2011-12-20 00:00:00,TMP,surface,-96.5629,31.6534,285.699
2011-12-20 00:00:00,2011-12-20 00:00:00,TMP,surface,-95.6254,31.6534,286.369
2011-12-20 00:00:00,2011-12-20 00:00:00,TMP,surface,-94.6879,31.6534,286.645
2011-12-20 00:00:00,2011-12-20 00:00:00,TMP,surface,-93.7504,31.6534,286.75
2011-12-20 00:00:00,2011-12-20 00:00:00,TMP,surface,-92.8129,31.6534,287.003
2011-12-20 00:00:00,2011-12-20 00:00:00,TMP,surface,-107.813,32.5983,277.078
2011-12-20 00:00:00,2011-12-20 00:00:00,TMP,surface,-106.875,32.5983,277.745
2011-12-20 00:00:00,2011-12-20 00:00:00,TMP,surface,-105.938,32.5983,278.438
2011-12-20 00:00:00,2011-12-20 00:00:00,TMP,surface,-105,32.5983,279.009
2011-12-20 00:00:00,2011-12-20 00:00:00,TMP,surface,-104.063,32.5983,280.168
2011-12-20 00:00:00,2011-12-20 00:00:00,TMP,surface,-103.125,32.5983,281.136
2011-12-20 00:00:00,2011-12-20 00:00:00,TMP,surface,-102.188,32.5983,281.547
2011-12-20 00:00:00,2011-12-20 00:00:00,TMP,surface,-101.25,32.5983,281.91
2011-12-20 00:00:00,2011-12-20 00:00:00,TMP,surface,-100.313,32.5983,282.427
2011-12-20 00:00:00,2011-12-20 00:00:00,TMP,surface,-99.3754,32.5983,282.963
2011-12-20 00:00:00,2011-12-20 00:00:00,TMP,surface,-98.4379,32.5983,283.369
2011-12-20 00:00:00,2011-12-20 00:00:00,TMP,surface,-97.5004,32.5983,283.773
2011-12-20 00:00:00,2011-12-20 00:00:00,TMP,surface,-96.5629,32.5983,284.334
2011-12-20 00:00:00,2011-12-20 00:00:00,TMP,surface,-95.6254,32.5983,284.832
2011-12-20 00:00:00,2011-12-20 00:00:00,TMP,surface,-94.6879,32.5983,284.961
2011-12-20 00:00:00,2011-12-20 00:00:00,TMP,surface,-93.7504,32.5983,284.981
2011-12-20 00:00:00,2011-12-20 00:00:00,TMP,surface,-92.8129,32.5983,285.334
2011-12-20 00:00:00,2011-12-20 00:00:00,TMP,surface,-107.813,33.5432,273.955
2011-12-20 00:00:00,2011-12-20 00:00:00,TMP,surface,-106.875,33.5432,275.32
2011-12-20 00:00:00,2011-12-20 00:00:00,TMP,surface,-105.938,33.5432,276.518
2011-12-20 00:00:00,2011-12-20 00:00:00,TMP,surface,-105,33.5432,277.605
2011-12-20 00:00:00,2011-12-20 00:00:00,TMP,surface,-104.063,33.5432,278.656
2011-12-20 00:00:00,2011-12-20 00:00:00,TMP,surface,-103.125,33.5432,279.245
2011-12-20 00:00:00,2011-12-20 00:00:00,TMP,surface,-102.188,33.5432,279.528
2011-12-20 00:00:00,2011-12-20 00:00:00,TMP,surface,-101.25,33.5432,280.165
2011-12-20 00:00:00,2011-12-20 00:00:00,TMP,surface,-100.313,33.5432,280.963
2011-12-20 00:00:00,2011-12-20 00:00:00,TMP,surface,-99.3754,33.5432,281.609
2011-12-20 00:00:00,2011-12-20 00:00:00,TMP,surface,-98.4379,33.5432,282.022
2011-12-20 00:00:00,2011-12-20 00:00:00,TMP,surface,-97.5004,33.5432,282.344
2011-12-20 00:00:00,2011-12-20 00:00:00,TMP,surface,-96.5629,33.5432,282.731
2011-12-20 00:00:00,2011-12-20 00:00:00,TMP,surface,-95.6254,33.5432,283.155
2011-12-20 00:00:00,2011-12-20 00:00:00,TMP,surface,-94.6879,33.5432,283.371
2011-12-20 00:00:00,2011-12-20 00:00:00,TMP,surface,-93.7504,33.5432,283.352
2011-12-20 00:00:00,2011-12-20 00:00:00,TMP,surface,-92.8129,33.5432,283.589
2011-12-20 00:00:00,2011-12-20 00:00:00,TMP,surface,-107.813,34.4881,272.304
2011-12-20 00:00:00,2011-12-20 00:00:00,TMP,surface,-106.875,34.4881,273.537
2011-12-20 00:00:00,2011-12-20 00:00:00,TMP,surface,-105.938,34.4881,274.672
2011-12-20 00:00:00,2011-12-20 00:00:00,TMP,surface,-105,34.4881,275.808
2011-12-20 00:00:00,2011-12-20 00:00:00,TMP,surface,-104.063,34.4881,276.854
2011-12-20 00:00:00,2011-12-20 00:00:00,TMP,surface,-103.125,34.4881,277.488
2011-12-20 00:00:00,2011-12-20 00:00:00,TMP,surface,-102.188,34.4881,277.953
2011-12-20 00:00:00,2011-12-20 00:00:00,TMP,surface,-101.25,34.4881,278.553
2011-12-20 00:00:00,2011-12-20 00:00:00,TMP,surface,-100.313,34.4881,279.209
2011-12-20 00:00:00,2011-12-20 00:00:00,TMP,surface,-99.3754,34.4881,279.768
2011-12-20 00:00:00,2011-12-20 00:00:00,TMP,surface,-98.4379,34.4881,280.277
2011-12-20 00:00:00,2011-12-20 00:00:00,TMP,surface,-97.5004,34.4881,280.749
2011-12-20 00:00:00,2011-12-20 00:00:00,TMP,surface,-96.5629,34.4881,281.278
2011-12-20 00:00:00,2011-12-20 00:00:00,TMP,surface,-95.6254,34.4881,281.664
2011-12-20 00:00:00,2011-12-20 00:00:00,TMP,surface,-94.6879,34.4881,281.633
2011-12-20 00:00:00,2011-12-20 00:00:00,TMP,surface,-93.7504,34.4881,281.598
2011-12-20 00:00:00,2011-12-20 00:00:00,TMP,surface,-92.8129,34.4881,281.861
2011-12-20 00:00:00,2011-12-20 00:00:00,TMP,surface,-107.813,35.4329,271.76
2011-12-20 00:00:00,2011-12-20 00:00:00,TMP,surface,-106.875,35.4329,271.897
2011-12-20 00:00:00,2011-12-20 00:00:00,TMP,surface,-105.938,35.4329,272.493
2011-12-20 00:00:00,2011-12-20 00:00:00,TMP,surface,-105,35.4329,273.76
2011-12-20 00:00:00,2011-12-20 00:00:00,TMP,surface,-104.063,35.4329,275.19
2011-12-20 00:00:00,2011-12-20 00:00:00,TMP,surface,-103.125,35.4329,276.481
2011-12-20 00:00:00,2011-12-20 00:00:00,TMP,surface,-102.188,35.4329,276.989
2011-12-20 00:00:00,2011-12-20 00:00:00,TMP,surface,-101.25,35.4329,277.235
2011-12-20 00:00:00,2011-12-20 00:00:00,TMP,surface,-100.313,35.4329,277.571
2011-12-20 00:00:00,2011-12-20 00:00:00,TMP,surface,-99.3754,35.4329,277.91
2011-12-20 00:00:00,2011-12-20 00:00:00,TMP,surface,-98.4379,35.4329,278.36
2011-12-20 00:00:00,2011-12-20 00:00:00,TMP,surface,-97.5004,35.4329,279.131
2011-12-20 00:00:00,2011-12-20 00:00:00,TMP,surface,-96.5629,35.4329,279.937
2011-12-20 00:00:00,2011-12-20 00:00:00,TMP,surface,-95.6254,35.4329,280.329
2011-12-20 00:00:00,2011-12-20 00:00:00,TMP,surface,-94.6879,35.4329,280.257
2011-12-20 00:00:00,2011-12-20 00:00:00,TMP,surface,-93.7504,35.4329,280.024
2011-12-20 00:00:00,2011-12-20 00:00:00,TMP,surface,-92.8129,35.4329,280.184
2011-12-20 00:00:00,2011-12-20 00:00:00,TMP,surface,-107.813,36.3778,269.237
2011-12-20 00:00:00,2011-12-20 00:00:00,TMP,surface,-106.875,36.3778,268.096
2011-12-20 00:00:00,2011-12-20 00:00:00,TMP,surface,-105.938,36.3778,269.161
2011-12-20 00:00:00,2011-12-20 00:00:00,TMP,surface,-105,36.3778,271.309
2011-12-20 00:00:00,2011-12-20 00:00:00,TMP,surface,-104.063,36.3778,273.485
2011-12-20 00:00:00,2011-12-20 00:00:00,TMP,surface,-103.125,36.3778,275.001
2011-12-20 00:00:00,2011-12-20 00:00:00,TMP,surface,-102.188,36.3778,275.55
2011-12-20 00:00:00,2011-12-20 00:00:00,TMP,surface,-101.25,36.3778,275.662
2011-12-20 00:00:00,2011-12-20 00:00:00,TMP,surface,-100.313,36.3778,275.795
2011-12-20 00:00:00,2011-12-20 00:00:00,TMP,surface,-99.3754,36.3778,276.029
2011-12-20 00:00:00,2011-12-20 00:00:00,TMP,surface,-98.4379,36.3778,276.469
2011-12-20 00:00:00,2011-12-20 00:00:00,TMP,surface,-97.5004,36.3778,277.289
2011-12-20 00:00:00,2011-12-20 00:00:00,TMP,surface,-96.5629,36.3778,278.205
2011-12-20 00:00:00,2011-12-20 00:00:00,TMP,surface,-95.6254,36.3778,278.704
2011-12-20 00:00:00,2011-12-20 00:00:00,TMP,surface,-94.6879,36.3778,278.649
2011-12-20 00:00:00,2011-12-20 00:00:00,TMP,surface,-93.7504,36.3778,278.368
2011-12-20 00:00:00,2011-12-20 00:00:00,TMP,surface,-92.8129,36.3778,278.409
2011-12-20 00:00:00,2011-12-20 00:00:00,PRATE,surface,-107.813,25.0393,2.51e-05
2011-12-20 00:00:00,2011-12-20 00:00:00,PRATE,surface,-106.875,25.0393,2.92e-05
2011-12-20 00:00:00,2011-12-20 00:00:00,PRATE,surface,-105.938,25.0393,1.58e-05
2011-12-20 00:00:00,2011-12-20 00:00:00,PRATE,surface,-105,25.0393,3.9e-06
2011-12-20 00:00:00,2011-12-20 00:00:00,PRATE,surface,-104.063,25.0393,1.6e-06
2011-12-20 00:00:00,2011-12-20 00:00:00,PRATE,surface,-103.125,25.0393,8e-07
2011-12-20 00:00:00,2011-12-20 00:00:00,PRATE,surface,-102.188,25.0393,6e-07
2011-12-20 00:00:00,2011-12-20 00:00:00,PRATE,surface,-101.25,25.0393,3.8e-06
2011-12-20 00:00:00,2011-12-20 00:00:00,PRATE,surface,-100.313,25.0393,1.41e-05
2011-12-20 00:00:00,2011-12-20 00:00:00,PRATE,surface,-99.3754,25.0393,8.5e-06
2011-12-20 00:00:00,2011-12-20 00:00:00,PRATE,surface,-98.4379,25.0393,4.9e-06
2011-12-20 00:00:00,2011-12-20 00:00:00,PRATE,surface,-97.5004,25.0393,6.9e-06
2011-12-20 00:00:00,2011-12-20 00:00:00,PRATE,surface,-96.5629,25.0393,5.6e-06
2011-12-20 00:00:00,2011-12-20 00:00:00,PRATE,surface,-95.6254,25.0393,1.3e-06
2011-12-20 00:00:00,2011-12-20 00:00:00,PRATE,surface,-94.6879,25.0393,2.4e-06
2011-12-20 00:00:00,2011-12-20 00:00:00,PRATE,surface,-93.7504,25.0393,2.2e-06
2011-12-20 00:00:00,2011-12-20 00:00:00,PRATE,surface,-92.8129,25.0393,2.5e-06
2011-12-20 00:00:00,2011-12-20 00:00:00,PRATE,surface,-107.813,25.9842,2.37e-05
2011-12-20 00:00:00,2011-12-20 00:00:00,PRATE,surface,-106.875,25.9842,3.17e-05
2011-12-20 00:00:00,2011-12-20 00:00:00,PRATE,surface,-105.938,25.9842,2.22e-05
2011-12-20 00:00:00,2011-12-20 00:00:00,PRATE,surface,-105,25.9842,5.8e-06
2011-12-20 00:00:00,2011-12-20 00:00:00,PRATE,surface,-104.063,25.9842,9e-07
2011-12-20 00:00:00,2011-12-20 00:00:00,PRATE,surface,-103.125,25.9842,1e-07
2011-12-20 00:00:00,2011-12-20 00:00:00,PRATE,surface,-102.188,25.9842,1e-06
2011-12-20 00:00:00,2011-12-20 00:00:00,PRATE,surface,-101.25,25.9842,6.2e-06
2011-12-20 00:00:00,2011-12-20 00:00:00,PRATE,surface,-100.313,25.9842,2.08e-05
2011-12-20 00:00:00,2011-12-20 00:00:00,PRATE,surface,-99.3754,25.9842,8.3e-06
2011-12-20 00:00:00,2011-12-20 00:00:00,PRATE,surface,-98.4379,25.9842,2.4e-06
2011-12-20 00:00:00,2011-12-20 00:00:00,PRATE,surface,-97.5004,25.9842,1e-05
2011-12-20 00:00:00,2011-12-20 00:00:00,PRATE,surface,-96.5629,25.9842,8.8e-06
2011-12-20 00:00:00,2011-12-20 00:00:00,PRATE,surface,-95.6254,25.9842,3.6e-06
2011-12-20 00:00:00,2011-12-20 00:00:00,PRATE,surface,-94.6879,25.9842,4.3e-06
2011-12-20 00:00:00,2011-12-20 00:00:00,PRATE,surface,-93.7504,25.9842,4.5e-06
2011-12-20 00:00:00,2011-12-20 00:00:00,PRATE,surface,-92.8129,25.9842,3.9e-06
2011-12-20 00:00:00,2011-12-20 00:00:00,PRATE,surface,-107.813,26.929,2.46e-05
2011-12-20 00:00:00,2011-12-20 00:00:00,PRATE,surface,-106.875,26.929,1.69e-05
2011-12-20 00:00:00,2011-12-20 00:00:00,PRATE,surface,-105.938,26.929,1.08e-05
2011-12-20 00:00:00,2011-12-20 00:00:00,PRATE,surface,-105,26.929,6.5e-06
2011-12-20 00:00:00,2011-12-20 00:00:00,PRATE,surface,-104.063,26.929,1.4e-06
2011-12-20 00:00:00,2011-12-20 00:00:00,PRATE,surface,-103.125,26.929,2.2e-06
2011-12-20 00:00:00,2011-12-20 00:00:00,PRATE,surface,-102.188,26.929,4.3e-06
2011-12-20 00:00:00,2011-12-20 00:00:00,PRATE,surface,-101.25,26.929,2.55e-05
2011-12-20 00:00:00,2011-12-20 00:00:00,PRATE,surface,-100.313,26.929,2.39e-05
2011-12-20 00:00:00,2011-12-20 00:00:00,PRATE,surface,-99.3754,26.929,9.9e-06
2011-12-20 00:00:00,2011-12-20 00:00:00,PRATE,surface,-98.4379,26.929,2.35e-05
2011-12-20 00:00:00,2011-12-20 00:00:00,PRATE,surface,-97.5004,26.929,1.72e-05
2011-12-20 00:00:00,2011-12-20 00:00:00,PRATE,surface,-96.5629,26.929,2.16e-05
2011-12-20 00:00:00,2011-12-20 00:00:00,PRATE,surface,-95.6254,26.929,9.5e-06
2011-12-20 00:00:00,2011-12-20 00:00:00,PRATE,surface,-94.6879,26.929,8.2e-06
2011-12-20 00:00:00,2011-12-20 00:00:00,PRATE,surface,-93.7504,26.929,7.1e-06
2011-12-20 00:00:00,2011-12-20 00:00:00,PRATE,surface,-92.8129,26.929,4.7e-06
2011-12-20 00:00:00,2011-12-20 00:00:00,PRATE,surface,-107.813,27.8739,2.06e-05
2011-12-20 00:00:00,2011-12-20 00:00:00,PRATE,surface,-106.875,27.8739,7e-06
2011-12-20 00:00:00,2011-12-20 00:00:00,PRATE,surface,-105.938,27.8739,4.6e-06
2011-12-20 00:00:00,2011-12-20 00:00:00,PRATE,surface,-105,27.8739,2.9e-06
2011-12-20 00:00:00,2011-12-20 00:00:00,PRATE,surface,-104.063,27.8739,8.8e-06
2011-12-20 00:00:00,2011-12-20 00:00:00,PRATE,surface,-103.125,27.8739,1.57e-05
2011-12-20 00:00:00,2011-12-20 00:00:00,PRATE,surface,-102.188,27.8739,2.3e-05
2011-12-20 00:00:00,2011-12-20 00:00:00,PRATE,surface,-101.25,27.8739,2.65e-05
2011-12-20 00:00:00,2011-12-20 00:00:00,PRATE,surface,-100.313,27.8739,1.71e-05
2011-12-20 00:00:00,2011-12-20 00:00:00,PRATE,surface,-99.3754,27.8739,1.81e-05
2011-12-20 00:00:00,2011-12-20 00:00:00,PRATE,surface,-98.4379,27.8739,2.54e-05
2011-12-20 00:00:00,2011-12-20 00:00:00,PRATE,surface,-97.5004,27.8739,2.61e-05
2011-12-20 00:00:00,2011-12-20 00:00:00,PRATE,surface,-96.5629,27.8739,2.03e-05
2011-12-20 00:00:00,2011-12-20 00:00:00,PRATE,surface,-95.6254,27.8739,1.59e-05
2011-12-20 00:00:00,2011-12-20 00:00:00,PRATE,surface,-94.6879,27.8739,1.72e-05
2011-12-20 00:00:00,2011-12-20 00:00:00,PRATE,surface,-93.7504,27.8739,1.79e-05
2011-12-20 00:00:00,2011-12-20 00:00:00,PRATE,surface,-92.8129,27.8739,1.25e-05
2011-12-20 00:00:00,2011-12-20 00:00:00,PRATE,surface,-107.813,28.8188,1.7e-05
2011-12-20 00:00:00,2011-12-20 00:00:00,PRATE,surface,-106.875,28.8188,4.2e-06
2011-12-20 00:00:00,2011-12-20 00:00:00,PRATE,surface,-105.938,28.8188,2.7e-06
2011-12-20 00:00:00,2011-12-20 00:00:00,PRATE,surface,-105,28.8188,3.4e-06
2011-12-20 00:00:00,2011-12-20 00:00:00,PRATE,surface,-104.063,28.8188,1.2e-05
2011-12-20 00:00:00,2011-12-20 00:00:00,PRATE,surface,-103.125,28.8188,3.05e-05
2011-12-20 00:00:00,2011-12-20 00:00:00,PRATE,surface,-102.188,28.8188,3.42e-05
2011-12-20 00:00:00,2011-12-20 00:00:00,PRATE,surface,-101.25,28.8188,2.7e-05
2011-12-20 00:00:00,2011-12-20 00:00:00,PRATE,surface,-100.313,28.8188,2.24e-05
2011-12-20 00:00:00,2011-12-20 00:00:00,PRATE,surface,-99.3754,28.8188,2.35e-05
2011-12-20 00:00:00,2011-12-20 00:00:00,PRATE,surface,-98.4379,28.8188,2.94e-05
2011-12-20 00:00:00,2011-12-20 00:00:00,PRATE,surface,-97.5004,28.8188,2.89e-05
2011-12-20 00:00:00,2011-12-20 00:00:00,PRATE,surface,-96.5629,28.8188,2.22e-05
2011-12-20 00:00:00,2011-12-20 00:00:00,PRATE,surface,-95.6254,28.8188,2.09e-05
2011-12-20 00:00:00,2011-12-20 00:00:00,PRATE,surface,-94.6879,28.8188,2.44e-05
2011-12-20 00:00:00,2011-12-20 00:00:00,PRATE,surface,-93.7504,28.8188,2.43e-05
2011-12-20 00:00:00,2011-12-20 00:00:00,PRATE,surface,-92.8129,28.8188,2.57e-05
2011-12-20 00:00:00,2011-12-20 00:00:00,PRATE,surface,-107.813,29.7637,1.01e-05
2011-12-20 00:00:00,2011-12-20 00:00:00,PRATE,surface,-106.875,29.7637,3.7e-06
2011-12-20 00:00:00,2011-12-20 00:00:00,PRATE,surface,-105.938,29.7637,2.8e-06
2011-12-20 00:00:00,2011-12-20 00:00:00,PRATE,surface,-105,29.7637,4.1e-06
2011-12-20 00:00:00,2011-12-20 00:00:00,PRATE,surface,-104.063,29.7637,1.16e-05
2011-12-20 00:00:00,2011-12-20 00:00:00,PRATE,surface,-103.125,29.7637,2.3e-05
2011-12-20 00:00:00,2011-12-20 00:00:00,PRATE,surface,-102.188,29.7637,3.18e-05
2011-12-20 00:00:00,2011-12-20 00:00:00,PRATE,surface,-101.25,29.7637,3.57e-05
2011-12-20 00:00:00,2011-12-20 00:00:00,PRATE,surface,-100.313,29.7637,3.85e-05
2011-12-20 00:00:00,2011-12-20 00:00:00,PRATE,surface,-99.3754,29.7637,4.48e-05
2011-12-20 00:00:00,2011-12-20 00:00:00,PRATE,surface,-98.4379,29.7637,4.61e-05
2011-12-20 00:00:00,2011-12-20 00:00:00,PRATE,surface,-97.5004,29.7637,4.01e-05
2011-12-20 00:00:00,2011-12-20 00:00:00,PRATE,surface,-96.5629,29.7637,3.35e-05
2011-12-20 00:00:00,2011-12-20 00:00:00,PRATE,surface,-95.6254,29.7637,2.94e-05
2011-12-20 00:00:00,2011-12-20 00:00:00,PRATE,surface,-94.6879,29.7637,2.99e-05
2011-12-20 00:00:00,2011-12-20 00:00:00,PRATE,surface,-93.7504,29.7637,3.54e-05
2011-12-20 00:00:00,2011-12-20 00:00:00,PRATE,surface,-92.8129,29.7637,3.4e-05
2011-12-20 00:00:00,2011-12-20 00:00:00,PRATE,surface,-107.813,30.7085,6.2e-06
2011-12-20 00:00:00,2011-12-20 00:00:00,PRATE,surface,-106.875,30.7085,4.6e-06
2011-12-20 00:00:00,2011-12-20 00:00:00,PRATE,surface,-105.938,30.7085,6.6e-06
2011-12-20 00:00:00,2011-12-20 00:00:00,PRATE,surface,-105,30.7085,8.6e-06
2011-12-20 00:00:00,2011-12-20 00:00:00,PRATE,surface,-104.063,30.7085,1.06e-05
2011-12-20 00:00:00,2011-12-20 00:00:00,PRATE,surface,-103.125,30.7085,1.98e-05
2011-12-20 00:00:00,2011-12-20 00:00:00,PRATE,surface,-102.188,30.7085,3.14e-05
2011-12-20 00:00:00,2011-12-20 00:00:00,PRATE,surface,-101.25,30.7085,4.8e-05
2011-12-20 00:00:00,2011-12-20 00:00:00,PRATE,surface,-100.313,30.7085,6.66e-05
2011-12-20 00:00:00,2011-12-20 00:00:00,PRATE,surface,-99.3754,30.7085,7.08e-05
2011-12-20 00:00:00,2011-12-20 00:00:00,PRATE,surface,-98.4379,30.7085,6.7e-05
2011-12-20 00:00:00,2011-12-20 00:00:00,PRATE,surface,-97.5004,30.7085,6.19e-05
2011-12-20 00:00:00,2011-12-20 00:00:00,PRATE,surface,-96.5629,30.7085,5.33e-05
2011-12-20 00:00:00,2011-12-20 00:00:00,PRATE,surface,-95.6254,30.7085,4.37e-05
2011-12-20 00:00:00,2011-12-20 00:00:00,PRATE,surface,-94.6879,30.7085,4.05e-05
2011-12-20 00:00:00,2011-12-20 00:00:00,PRATE,surface,-93.7504,30.7085,4.32e-05
2011-12-20 00:00:00,2011-12-20 00:00:00,PRATE,surface,-92.8129,30.7085,4.47e-05
2011-12-20 00:00:00,2011-12-20 00:00:00,PRATE,surface,-107.813,31.6534,7e-06
2011-12-20 00:00:00,2011-12-20 00:00:00,PRATE,surface,-106.875,31.6534,7.3e-06
2011-12-20 00:00:00,2011-12-20 00:00:00,PRATE,surface,-105.938,31.6534,1.07e-05
2011-12-20 00:00:00,2011-12-20 00:00:00,PRATE,surface,-105,31.6534,1.09e-05
2011-12-20 00:00:00,2011-12-20 00:00:00,PRATE,surface,-104.063,31.6534,1.42e-05
2011-12-20 00:00:00,2011-12-20 00:00:00,PRATE,surface,-103.125,31.6534,1.66e-05
2011-12-20 00:00:00,2011-12-20 00:00:00,PRATE,surface,-102.188,31.6534,2.84e-05
2011-12-20 00:00:00,2011-12-20 00:00:00,PRATE,surface,-101.25,31.6534,4.76e-05
2011-12-20 00:00:00,2011-12-20 00:00:00,PRATE,surface,-100.313,31.6534,6.73e-05
2011-12-20 00:00:00,2011-12-20 00:00:00,PRATE,surface,-99.3754,31.6534,8.07e-05
2011-12-20 00:00:00,2011-12-20 00:00:00,PRATE,surface,-98.4379,31.6534,8.38e-05
2011-12-20 00:00:00,2011-12-20 00:00:00,PRATE,surface,-97.5004,31.6534,7.85e-05
2011-12-20 00:00:00,2011-12-20 00:00:00,PRATE,surface,-96.5629,31.6534,7.11e-05
2011-12-20 00:00:00,2011-12-20 00:00:00,PRATE,surface,-95.6254,31.6534,6.6e-05
2011-12-20 00:00:00,2011-12-20 00:00:00,PRATE,surface,-94.6879,31.6534,6.07e-05
2011-12-20 00:00:00,2011-12-20 00:00:00,PRATE,surface,-93.7504,31.6534,5.14e-05
2011-12-20 00:00:00,2011-12-20 00:00:00,PRATE,surface,-92.8129,31.6534,3.96e-05
2011-12-20 00:00:00,2011-12-20 00:00:00,PRATE,surface,-107.813,32.5983,1.67e-05
2011-12-20 00:00:00,2011-12-20 00:00:00,PRATE,surface,-106.875,32.5983,1.12e-05
2011-12-20 00:00:00,2011-12-20 00:00:00,PRATE,surface,-105.938,32.5983,1.4e-05
2011-12-20 00:00:00,2011-12-20 00:00:00,PRATE,surface,-105,32.5983,1.56e-05
2011-12-20 00:00:00,2011-12-20 00:00:00,PRATE,surface,-104.063,32.5983,1.72e-05
2011-12-20 00:00:00,2011-12-20 00:00:00,PRATE,surface,-103.125,32.5983,1.48e-05
2011-12-20 00:00:00,2011-12-20 00:00:00,PRATE,surface,-102.188,32.5983,2.18e-05
2011-12-20 00:00:00,2011-12-20 00:00:00,PRATE,surface,-101.25,32.5983,3.49e-05
2011-12-20 00:00:00,2011-12-20 00:00:00,PRATE,surface,-100.313,32.5983,4.88e-05
2011-12-20 00:00:00,2011-12-20 00:00:00,PRATE,surface,-99.3754,32.5983,7e-05
2011-12-20 00:00:00,2011-12-20 00:00:00,PRATE,surface,-98.4379,32.5983,8.81e-05
2011-12-20 00:00:00,2011-12-20 00:00:00,PRATE,surface,-97.5004,32.5983,9.5e-05
2011-12-20 00:00:00,2011-12-20 00:00:00,PRATE,surface,-96.5629,32.5983,9.14e-05
2011-12-20 00:00:00,2011-12-20 00:00:00,PRATE,surface,-95.6254,32.5983,8.43e-05
2011-12-20 00:00:00,2011-12-20 00:00:00,PRATE,surface,-94.6879,32.5983,8.29e-05
2011-12-20 00:00:00,2011-12-20 00:00:00,PRATE,surface,-93.7504,32.5983,8.2e-05
2011-12-20 00:00:00,2011-12-20 00:00:00,PRATE,surface,-92.8129,32.5983,6.4e-05
2011-12-20 00:00:00,2011-12-20 00:00:00,PRATE,surface,-107.813,33.5432,3.28e-05
2011-12-20 00:00:00,2011-12-20 00:00:00,PRATE,surface,-106.875,33.5432,2.21e-05
2011-12-20 00:00:00,2011-12-20 00:00:00,PRATE,surface,-105.938,33.5432,2.04e-05
2011-12-20 00:00:00,2011-12-20 00:00:00,PRATE,surface,-105,33.5432,1.93e-05
2011-12-20 00:00:00,2011-12-20 00:00:00,PRATE,surface,-104.063,33.5432,2.04e-05
2011-12-20 00:00:00,2011-12-20 00:00:00,PRATE,surface,-103.125,33.5432,2.11e-05
2011-12-20 00:00:00,2011-12-20 00:00:00,PRATE,surface,-102.188,33.5432,2.41e-05
2011-12-20 00:00:00,2011-12-20 00:00:00,PRATE,surface,-101.25,33.5432,2.96e-05
2011-12-20 00:00:00,2011-12-20 00:00:00,PRATE,surface,-100.313,33.5432,3.65e-05
2011-12-20 00:00:00,2011-12-20 00:00:00,PRATE,surface,-99.3754,33.5432,4.93e-05
2011-12-20 00:00:00,2011-12-20 00:00:00,PRATE,surface,-98.4379,33.5432,6.9e-05
2011-12-20 00:00:00,2011-12-20 00:00:00,PRATE,surface,-97.5004,33.5432,8.63e-05
2011-12-20 00:00:00,2011-12-20 00:00:00,PRATE,surface,-96.5629,33.5432,9.18e-05
2011-12-20 00:00:00,2011-12-20 00:00:00,PRATE,surface,-95.6254,33.5432,8.65e-05
2011-12-20 00:00:00,2011-12-20 00:00:00,PRATE,surface,-94.6879,33.5432,8.26e-05
2011-12-20 00:00:00,2011-12-20 00:00:00,PRATE,surface,-93.7504,33.5432,8.58e-05
2011-12-20 00:00:00,2011-12-20 00:00:00,PRATE,surface,-92.8129,33.5432,8.13e-05
2011-12-20 00:00:00,2011-12-20 00:00:00,PRATE,surface,-107.813,34.4881,3.54e-05
2011-12-20 00:00:00,2011-12-20 00:00:00,PRATE,surface,-106.875,34.4881,2.59e-05
2011-12-20 00:00:00,2011-12-20 00:00:00,PRATE,surface,-105.938,34.4881,1.98e-05
2011-12-20 00:00:00,2011-12-20 00:00:00,PRATE,surface,-105,34.4881,1.81e-05
2011-12-20 00:00:00,2011-12-20 00:00:00,PRATE,surface,-104.063,34.4881,2.25e-05
2011-12-20 00:00:00,2011-12-20 00:00:00,PRATE,surface,-103.125,34.4881,2.45e-05
2011-12-20 00:00:00,2011-12-20 00:00:00,PRATE,surface,-102.188,34.4881,2.14e-05
2011-12-20 00:00:00,2011-12-20 00:00:00,PRATE,surface,-101.25,34.4881,2.22e-05
2011-12-20 00:00:00,2011-12-20 00:00:00,PRATE,surface,-100.313,34.4881,2.53e-05
2011-12-20 00:00:00,2011-12-20 00:00:00,PRATE,surface,-99.3754,34.4881,3.4e-05
2011-12-20 00:00:00,2011-12-20 00:00:00,PRATE,surface,-98.4379,34.4881,4.95e-05
2011-12-20 00:00:00,2011-12-20 00:00:00,PRATE,surface,-97.5004,34.4881,6.58e-05
2011-12-20 00:00:00,2011-12-20 00:00:00,PRATE,surface,-96.5629,34.4881,7.61e-05
2011-12-20 00:00:00,2011-12-20 00:00:00,PRATE,surface,-95.6254,34.4881,7.78e-05
2011-12-20 00:00:00,2011-12-20 00:00:00,PRATE,surface,-94.6879,34.4881,7.46e-05
2011-12-20 00:00:00,2011-12-20 00:00:00,PRATE,surface,-93.7504,34.4881,7.53e-05
2011-12-20 00:00:00,2011-12-20 00:00:00,PRATE,surface,-92.8129,34.4881,7.81e-05
2011-12-20 00:00:00,2011-12-20 00:00:00,PRATE,surface,-107.813,35.4329,3.24e-05
2011-12-20 00:00:00,2011-12-20 00:00:00,PRATE,surface,-106.875,35.4329,2.54e-05
2011-12-20 00:00:00,2011-12-20 00:00:00,PRATE,surface,-105.938,35.4329,1.53e-05
2011-12-20 00:00:00,2011-12-20 00:00:00,PRATE,surface,-105,35.4329,1.42e-05
2011-12-20 00:00:00,2011-12-20 00:00:00,PRATE,surface,-104.063,35.4329,1.85e-05
2011-12-20 00:00:00,2011-12-20 00:00:00,PRATE,surface,-103.125,35.4329,1.87e-05
2011-12-20 00:00:00,2011-12-20 00:00:00,PRATE,surface,-102.188,35.4329,1.57e-05
2011-12-20 00:00:00,2011-12-20 00:00:00,PRATE,surface,-101.25,35.4329,1.47e-05
2011-12-20 00:00:00,2011-12-20 00:00:00,PRATE,surface,-100.313,35.4329,1.64e-05
2011-12-20 00:00:00,2011-12-20 00:00:00,PRATE,surface,-99.3754,35.4329,2.33e-05
2011-12-20 00:00:00,2011-12-20 00:00:00,PRATE,surface,-98.4379,35.4329,3.28e-05
2011-12-20 00:00:00,2011-12-20 00:00:00,PRATE,surface,-97.5004,35.4329,4.53e-05
2011-12-20 00:00:00,2011-12-20 00:00:00,PRATE,surface,-96.5629,35.4329,5.58e-05
2011-12-20 00:00:00,2011-12-20 00:00:00,PRATE,surface,-95.6254,35.4329,5.91e-05
2011-12-20 00:00:00,2011-12-20 00:00:00,PRATE,surface,-94.6879,35.4329,6e-05
2011-12-20 00:00:00,2011-12-20 00:00:00,PRATE,surface,-93.7504,35.4329,6.36e-05
2011-12-20 00:00:00,2011-12-20 00:00:00,PRATE,surface,-92.8129,35.4329,6.79e-05
2011-12-20 00:00:00,2011-12-20 00:00:00,PRATE,surface,-107.813,36.3778,3.47e-05
2011-12-20 00:00:00,2011-12-20 00:00:00,PRATE,surface,-106.875,36.3778,3.43e-05
2011-12-20 00:00:00,2011-12-20 00:00:00,PRATE,surface,-105.938,36.3778,2.5e-05
2011-12-20 00:00:00,2011-12-20 00:00:00,PRATE,surface,-105,36.3778,1.49e-05
2011-12-20 00:00:00,2011-12-20 00:00:00,PRATE,surface,-104.063,36.3778,1.38e-05
2011-12-20 00:00:00,2011-12-20 00:00:00,PRATE,surface,-103.125,36.3778,1.3e-05
2011-12-20 00:00:00,2011-12-20 00:00:00,PRATE,surface,-102.188,36.3778,1.17e-05
2011-12-20 00:00:00,2011-12-20 00:00:00,PRATE,surface,-101.25,36.3778,1.14e-05
2011-12-20 00:00:00,2011-12-20 00:00:00,PRATE,surface,-100.313,36.3778,1.37e-05
2011-12-20 00:00:00,2011-12-20 00:00:00,PRATE,surface,-99.3754,36.3778,1.78e-05
2011-12-20 00:00:00,2011-12-20 00:00:00,PRATE,surface,-98.4379,36.3778,2.29e-05
2011-12-20 00:00:00,2011-12-20 00:00:00,PRATE,surface,-97.5004,36.3778,2.99e-05
2011-12-20 00:00:00,2011-12-20 00:00:00,PRATE,surface,-96.5629,36.3778,3.88e-05
2011-12-20 00:00:00,2011-12-20 00:00:00,PRATE,surface,-95.6254,36.3778,4.92e-05
2011-12-20 00:00:00,2011-12-20 00:00:00,PRATE,surface,-94.6879,36.3778,5.85e-05
2011-12-20 00:00:00,2011-12-20 00:00:00,PRATE,surface,-93.7504,36.3778,6.13e-05
2011-12-20 00:00:00,2011-12-20 00:00:00,PRATE,surface,-92.8129,36.3778,5.88e-05
